"PHENO"	"AGE"	"SEX"	"rs4575098_A"	"rs2070902_T"	"rs2093760_A"	"rs17014873_C"	"rs2276574_A"	"rs12989701_A"	"rs4663105_C"	"rs7569598_C"	"rs7421448_T"	"rs28459768_C"	"rs359539_A"	"rs6448453_A"	"rs28636611_T"	"rs62375390_G"	"rs2544702_A"	"rs6890748_A"	"rs6910948_C"	"rs1967688_T"	"rs9469112_T"	"rs1846190_A"	"rs9275205_C"	"rs34214702_A"	"rs9381563_C"	"rs9463349_A"	"rs4729576_A"	"rs4727449_T"	"rs1859788_A"	"rs13235951_T"	"rs2466165_C"	"rs12703526_T"	"rs12540656_G"	"rs28834970_C"	"rs34181358_A"	"rs4236673_A"	"rs10091076_C"	"rs11257238_C"	"rs10437655_A"	"rs2081545_A"	"rs867611_G"	"rs9665907_A"	"rs12590654_A"	"rs17646025_T"	"rs442495_C"	"rs77145198_G"	"rs12593078_A"	"rs59735493_A"	"rs35283920_T"	"rs113260531_A"	"rs28394864_A"	"rs2526377_G"	"rs4311_T"	"rs3752231_T"	"rs3859570_C"	"rs11083742_G"	"rs8111946_C"	"rs714948_A"	"rs62120565_C"	"rs80000866_T"	"rs2927438_A"	"rs2965169_C"	"rs2967668_G"	"rs28399637_A"	"rs11669415_A"	"rs10407439_A"	"rs55840414_A"	"rs2972558_C"	"rs365653_G"	"rs412776_A"	"rs12972970_A"	"rs76692773_T"	"rs118170342_C"	"rs439401_T"	"rs117316645_A"	"rs204480_T"	"rs16979595_A"	"rs9653111_T"	"rs28469095_C"	"rs10421247_C"	"rs595290_C"	"rs346758_G"	"rs62118504_G"	"rs12975413_C"	"rs10402243_C"	"rs3865444_A"	"rs6014724_G"	"rs4817090_C"
"1018"	"X1"	86	1	0	0	0	0	1	0	1	2	1	0	0	0	0	1	0	1	0	1	1	1	1	1	1	1	0	0	2	0	1	0	2	1	0	2	1	2	1	0	1	0	1	0	0	0	0	1	1	0	0	1	1	1	0	2	2	0	0	0	0	0	0	2	0	0	0	0	0	0	1	0	0	0	0	0	2	0	0	2	0	0	2	0	0	0	0	0
"709"	"X1"	87	0	0	0	1	0	0	1	1	1	0	0	0	1	0	1	0	1	1	2	1	0	0	0	2	0	1	0	0	0	0	1	1	0	0	1	1	2	1	1	1	0	1	1	2	0	1	1	1	0	2	2	2	0	1	2	2	0	0	0	0	1	1	2	0	0	0	1	1	0	0	0	0	1	0	0	0	0	0	1	0	0	0	1	1	1	0	1
"370"	"X1"	75	0	0	0	0	0	0	1	1	1	0	0	1	0	0	0	1	1	2	1	0	0	0	0	0	0	0	0	0	0	0	1	1	0	1	1	2	1	1	0	1	1	0	0	0	0	0	1	0	0	1	0	2	1	0	2	0	0	0	0	0	1	0	1	0	1	1	0	1	0	0	0	0	1	0	0	1	0	0	1	1	0	0	0	0	1	0	1
"284"	"X1"	90	0	0	1	1	0	0	1	1	1	0	1	1	0	1	1	0	1	2	2	0	0	0	0	0	1	1	0	1	1	0	2	1	2	0	0	0	1	1	0	0	0	0	1	0	1	0	1	1	1	1	2	2	2	1	2	1	0	0	1	0	0	0	0	0	1	0	0	0	0	0	1	0	0	0	1	0	0	0	1	0	0	1	0	0	2	0	1
"842"	"X1"	67	0	0	1	0	0	1	0	0	1	0	0	0	0	0	1	1	1	0	1	0	0	0	0	2	0	2	0	2	0	0	1	1	0	0	1	0	2	2	0	2	0	1	0	1	0	1	0	1	0	2	1	1	2	0	1	0	0	0	0	1	1	0	0	2	0	0	1	0	0	0	0	0	1	0	0	0	1	1	0	0	0	0	0	0	1	0	1
"507"	"X1"	89	0	1	0	1	0	0	0	1	0	0	2	0	0	0	1	1	1	0	0	0	1	0	0	1	1	1	0	1	0	0	1	0	0	1	1	0	0	0	1	0	0	1	1	0	0	1	1	1	0	1	1	2	0	1	1	1	0	1	0	0	0	0	0	2	0	0	1	0	0	0	0	0	0	0	1	1	0	0	2	0	0	1	1	1	0	1	0
"257"	"X1"	90	0	1	0	1	0	0	1	1	0	0	2	1	1	1	0	0	1	0	1	0	0	0	0	0	0	0	0	1	0	0	1	0	1	0	0	0	1	0	1	1	1	0	0	2	0	0	0	1	0	2	0	2	0	1	0	0	1	0	0	1	1	0	1	1	0	0	0	0	0	0	0	0	0	0	0	2	0	0	2	0	1	1	1	0	1	0	1
"343"	"X1"	90	0	1	1	0	0	0	0	1	0	0	2	0	0	1	0	1	0	1	1	1	0	0	1	0	1	1	0	1	0	0	1	1	0	1	1	0	0	0	2	1	0	1	2	0	0	2	1	1	1	0	1	0	0	2	0	1	0	1	0	0	1	0	0	1	1	0	2	1	0	0	0	0	0	0	1	0	0	1	0	0	0	1	1	1	1	0	2
"287"	"X1"	72	0	1	0	0	0	0	0	0	0	0	2	1	0	0	0	1	1	1	1	1	0	1	1	0	0	1	0	1	0	0	1	0	0	0	1	2	0	0	2	1	0	1	0	1	0	1	0	0	0	1	1	1	0	0	1	1	0	1	0	0	2	0	1	0	1	0	0	0	0	0	1	0	0	0	1	1	0	0	0	1	0	1	1	1	1	0	0
"444"	"X1"	75	0	0	0	1	0	0	0	1	0	0	2	0	1	2	0	0	0	0	1	0	1	1	0	0	0	0	1	1	1	0	1	1	1	0	0	0	1	0	0	1	0	1	0	0	0	1	1	1	0	1	1	1	1	1	0	0	1	1	0	0	1	0	0	1	1	0	2	1	0	0	0	0	0	0	0	0	0	1	1	0	0	1	0	1	0	0	0
"103"	"X1"	63	1	0	0	1	0	0	0	0	0	0	2	2	0	0	0	1	0	0	0	0	1	0	0	1	1	0	0	0	0	0	1	2	1	0	1	0	0	0	0	1	1	0	1	0	0	2	0	1	0	1	0	1	1	0	1	0	0	0	0	0	1	0	0	0	2	0	2	0	1	0	0	0	2	1	0	1	0	1	2	0	0	0	0	0	0	0	0
"998"	"X1"	79	0	0	1	1	0	0	0	0	0	0	0	0	0	1	0	0	0	2	1	1	1	2	0	2	2	1	0	2	0	0	1	1	1	0	1	0	1	1	1	0	0	1	0	0	0	0	0	1	1	1	2	1	0	0	1	1	0	0	0	0	0	0	0	0	1	0	1	0	1	1	0	0	1	0	0	1	0	0	1	0	0	1	0	1	0	0	1
"328"	"X1"	83	0	1	0	0	0	2	0	1	0	1	1	0	0	1	0	0	1	0	1	0	0	1	0	1	0	0	1	0	0	0	2	1	1	0	0	1	0	0	0	1	2	1	0	2	0	1	1	1	0	1	0	2	1	0	1	0	0	0	0	0	1	0	0	1	1	0	2	1	0	0	0	0	0	0	1	0	1	0	0	0	0	1	1	2	1	0	2
"1093"	"X1"	73	0	0	1	0	0	0	0	1	0	0	2	1	0	1	0	1	0	0	0	1	1	0	1	1	0	1	0	1	0	0	1	2	1	0	0	0	0	1	2	0	0	0	0	1	1	2	0	1	0	2	2	0	1	0	0	0	0	0	0	0	1	0	1	0	0	0	0	0	1	1	0	1	0	0	2	0	1	0	0	0	0	1	1	0	0	0	0
"896"	"X1"	86	1	0	2	0	0	0	0	0	1	0	1	0	0	0	0	0	0	1	1	0	1	1	0	1	1	0	1	0	1	1	0	1	1	1	1	1	2	1	0	1	0	2	0	2	0	2	0	0	0	0	1	1	0	0	1	1	0	0	1	0	2	0	1	1	0	0	1	0	0	0	0	0	0	0	0	1	0	0	1	0	0	0	0	1	0	0	0
"916"	"X1"	83	0	0	0	1	1	0	1	1	0	0	1	1	1	1	1	0	2	1	2	1	0	1	0	1	1	1	0	1	0	0	1	1	1	0	1	2	2	0	2	1	1	1	0	1	1	0	1	0	1	2	1	2	1	0	0	0	1	0	0	0	0	0	1	0	1	0	0	0	0	0	1	0	0	0	0	1	0	1	2	0	0	1	0	0	1	0	2
"1050"	"X1"	83	1	1	1	0	0	0	0	2	1	0	1	0	0	0	1	0	0	0	1	1	1	0	1	1	0	0	1	0	0	0	2	2	1	0	1	2	1	1	2	1	0	2	0	0	0	0	0	0	0	1	0	0	0	1	1	0	0	0	0	1	1	0	0	0	2	0	0	0	0	0	1	0	1	0	1	0	0	1	1	0	0	1	2	0	0	0	1
"202"	"X1"	72	0	0	1	0	0	0	0	2	0	1	1	0	0	1	1	0	0	1	1	0	0	0	0	2	1	0	1	0	0	1	1	2	1	1	1	1	1	0	1	1	0	2	0	0	0	1	0	1	0	1	1	1	0	0	0	1	0	0	1	1	0	0	0	0	2	0	2	0	1	0	0	0	1	0	0	0	1	0	1	1	0	2	1	0	0	1	1
"804"	"X1"	74	0	0	2	1	0	0	0	1	0	0	1	0	0	1	1	1	1	0	2	1	1	1	0	1	1	0	0	1	0	0	1	0	0	0	1	1	1	0	1	1	0	0	1	1	0	0	0	0	1	0	0	1	1	1	0	1	0	0	0	2	1	0	0	0	1	0	1	1	1	0	0	0	2	0	0	0	1	1	0	0	0	1	1	0	0	1	1
"694"	"X1"	70	1	1	0	0	0	1	0	1	0	0	2	1	0	1	0	1	1	0	0	2	0	2	0	2	0	1	1	1	1	0	1	0	1	0	1	2	1	0	1	0	0	1	0	0	0	1	2	0	1	1	1	1	1	2	1	0	0	0	0	0	1	0	1	0	0	1	0	0	0	0	0	0	1	0	0	1	0	0	1	0	0	0	0	0	1	0	1
"414"	"X1"	87	0	0	0	0	0	0	0	1	2	1	1	1	0	0	1	1	0	0	1	0	0	0	0	0	0	0	0	0	0	1	1	0	2	0	1	0	2	0	0	1	0	1	0	1	0	1	0	1	1	0	0	1	1	1	0	0	1	0	0	0	1	0	0	0	0	1	0	0	0	0	0	0	0	0	0	1	0	0	1	1	0	1	1	1	0	1	1
"442"	"X1"	68	1	0	0	0	0	0	1	1	2	1	0	0	1	1	0	0	0	0	1	0	0	1	0	0	0	0	2	0	1	1	0	1	0	0	1	1	1	1	1	1	0	0	1	1	0	0	0	0	0	1	1	1	0	1	0	0	0	0	0	0	2	1	0	0	1	0	0	0	0	0	1	0	0	0	2	0	0	1	0	0	0	0	1	1	0	0	2
"1025"	"X1"	81	0	1	1	0	1	1	0	2	0	0	1	0	1	1	0	0	0	0	1	0	0	0	1	1	1	0	0	0	0	0	1	1	1	1	2	1	0	1	1	1	1	1	0	0	0	2	0	1	0	2	1	1	0	2	0	0	0	0	0	0	1	1	0	2	0	0	0	0	0	0	0	0	0	1	0	0	0	0	1	0	1	1	1	0	1	0	0
"340"	"X1"	63	0	1	0	0	0	0	0	0	0	0	2	0	0	1	0	0	0	1	2	1	1	1	0	0	0	0	1	0	1	0	2	1	1	0	1	0	0	1	1	0	1	1	1	1	0	1	1	1	0	2	0	2	0	0	1	1	0	0	0	0	2	1	0	0	0	1	0	0	0	0	0	0	1	0	1	0	0	0	1	0	1	0	0	0	1	0	1
"292"	"X1"	85	1	0	1	0	0	0	1	1	0	0	1	1	0	1	0	1	1	0	1	0	1	1	0	1	0	1	0	2	0	0	1	2	0	0	1	1	1	0	0	1	0	0	0	0	0	0	0	1	0	0	1	1	0	1	2	0	1	0	0	0	1	0	0	0	0	1	0	0	0	0	0	0	1	0	1	1	1	0	2	1	0	0	0	1	1	0	0
"529"	"X1"	90	0	1	0	0	0	0	0	1	0	0	0	1	0	1	0	2	1	1	1	0	1	1	0	0	0	0	0	0	0	0	0	1	0	0	2	0	0	1	2	0	0	0	0	1	0	1	1	1	1	1	2	0	0	0	2	2	0	1	0	0	0	0	1	0	0	1	0	0	0	0	0	0	2	1	0	0	0	0	1	0	1	1	1	1	0	0	1
"706"	"X1"	80	0	0	0	1	1	0	0	1	0	0	0	0	0	2	0	0	1	0	0	0	1	0	0	2	1	1	0	1	0	0	0	2	0	0	1	0	0	1	1	1	0	0	2	2	0	1	1	0	0	1	2	1	0	1	0	2	0	1	1	0	1	1	0	1	0	0	1	0	0	0	0	0	0	0	1	0	0	0	1	0	0	2	1	0	0	0	0
"906"	"X1"	88	1	0	0	1	1	0	1	1	0	0	2	0	1	0	0	1	1	1	1	2	0	0	1	0	1	0	0	0	0	0	2	2	1	0	1	2	0	2	0	0	1	1	0	1	0	0	1	0	0	1	0	1	0	1	0	0	1	0	0	0	1	0	1	0	0	0	0	0	0	1	0	0	0	0	1	0	1	0	1	0	0	1	2	2	0	0	1
"267"	"X1"	79	0	1	0	1	0	1	0	1	0	0	1	0	1	2	0	1	1	1	0	0	0	0	0	1	1	0	1	0	1	1	0	1	1	0	0	0	0	0	1	1	0	1	0	2	0	2	0	1	0	1	0	1	0	0	1	1	0	1	0	0	1	0	1	1	0	0	0	0	1	1	0	0	0	0	1	1	0	0	1	2	1	0	0	0	1	0	1
"460"	"X1"	90	1	0	0	1	0	1	1	2	1	0	1	2	0	1	1	0	2	0	1	0	1	1	0	1	0	0	1	1	1	1	1	1	1	0	0	0	1	0	1	2	1	0	0	0	0	2	1	1	0	0	0	0	0	1	1	2	0	0	1	0	1	0	1	0	0	1	0	1	0	0	0	0	1	0	1	0	0	0	2	0	0	2	1	1	1	0	1
"796"	"X1"	70	0	0	0	0	0	0	0	0	0	0	2	0	0	2	0	0	2	1	1	0	1	1	0	2	2	0	0	1	0	0	2	0	1	0	0	0	1	0	0	0	0	2	0	0	0	2	2	1	1	0	1	0	1	1	0	1	0	0	0	0	2	0	0	2	0	0	0	0	0	0	0	0	0	0	0	1	1	0	0	0	0	1	1	0	0	0	1
"63"	"X1"	90	1	1	1	0	0	0	0	1	0	0	1	1	1	0	0	0	0	0	1	0	1	0	0	1	0	1	1	1	1	0	1	2	0	1	1	1	2	0	1	0	0	0	1	0	0	0	1	1	0	2	2	0	1	1	0	0	0	0	0	0	1	1	1	0	0	0	0	0	0	0	0	0	0	0	0	0	0	0	1	1	0	1	1	0	0	0	0
"68"	"X1"	86	0	1	1	0	0	0	1	0	1	0	1	0	1	2	1	1	2	0	1	1	0	0	0	1	0	0	1	0	0	0	1	2	0	0	0	2	0	0	2	0	0	1	0	1	0	0	1	1	1	0	1	2	0	2	1	0	0	0	0	0	1	0	2	0	2	0	0	1	0	0	1	0	1	0	0	1	0	0	2	0	0	1	1	0	2	0	1
"1101"	"X1"	86	1	1	1	0	0	1	0	1	0	0	2	1	0	0	1	0	1	0	1	0	0	0	0	1	1	1	0	0	0	0	1	1	1	0	1	1	1	2	0	1	1	1	0	0	0	0	0	0	0	0	1	1	0	1	2	0	0	0	0	2	0	0	2	0	1	0	0	0	0	0	1	0	0	0	2	0	0	0	1	0	0	1	1	2	0	0	1
"889"	"X1"	90	0	0	1	0	0	1	0	2	0	0	2	0	0	2	0	1	1	1	1	0	0	0	0	1	1	1	0	1	0	0	1	1	0	0	2	2	1	0	1	2	0	2	0	1	1	0	0	1	0	1	0	1	1	1	1	1	0	0	0	1	1	0	1	1	0	0	0	1	0	0	0	0	2	0	1	0	0	0	1	1	0	1	1	1	1	0	0
"546"	"X1"	79	0	1	0	1	0	1	0	1	0	0	2	1	0	1	0	0	0	1	0	0	0	0	0	0	0	0	1	0	1	1	0	0	0	1	0	0	0	0	0	1	2	0	1	1	0	0	0	0	0	1	0	1	0	1	0	1	1	0	1	1	0	0	1	0	0	0	0	0	0	0	0	0	0	0	0	1	0	0	2	1	0	2	1	0	1	0	0
"910"	"X1"	70	0	0	0	0	0	0	2	1	0	0	1	0	0	0	2	0	1	1	2	0	0	0	0	0	0	1	0	1	0	0	1	1	1	0	0	0	0	0	1	1	1	0	1	0	0	0	1	0	0	0	1	1	1	2	1	2	0	1	1	0	1	0	1	0	2	0	1	1	0	0	1	0	0	0	1	0	0	0	1	0	0	2	0	1	0	0	0
"2"	"X1"	79	0	1	0	2	0	0	0	0	0	0	2	1	1	1	0	1	1	1	1	1	0	0	1	1	1	1	0	1	0	1	0	1	1	1	2	0	0	1	0	1	0	0	0	1	0	0	0	0	0	1	1	0	0	2	1	0	0	0	0	0	0	0	0	0	0	0	0	0	0	2	0	0	2	0	0	0	2	0	0	0	0	2	1	1	1	0	0
"477"	"X1"	90	0	0	1	0	0	1	0	1	1	0	1	2	1	2	1	0	0	0	1	1	0	0	0	1	1	1	0	1	0	0	1	1	0	0	1	0	1	1	1	0	1	1	0	0	0	1	0	2	1	1	2	0	1	0	1	0	0	1	0	1	1	0	0	0	1	0	1	1	0	0	1	0	0	0	0	0	0	0	2	0	0	1	0	0	0	0	0
"551"	"X1"	74	0	1	1	0	0	0	1	1	0	0	1	0	1	1	1	0	2	0	2	0	1	1	0	0	0	1	0	1	0	0	1	0	1	0	1	1	1	1	1	1	0	2	0	1	0	1	1	2	0	1	0	1	0	1	1	0	0	0	0	0	1	1	0	2	0	0	1	0	0	0	0	0	0	0	1	0	0	0	2	0	0	0	2	1	0	0	0
"417"	"X1"	61	1	0	1	0	0	0	0	1	0	0	0	0	1	1	2	1	1	1	1	0	0	0	0	1	1	0	0	0	0	0	1	0	1	1	1	1	2	0	1	0	0	1	0	0	0	1	1	1	0	1	0	0	1	1	1	0	0	0	0	1	1	0	1	0	1	0	0	0	0	0	1	0	0	0	0	0	0	1	0	1	0	1	1	2	1	0	2
"576"	"X1"	81	0	2	0	0	0	0	0	0	2	2	0	1	0	0	0	1	2	1	1	1	0	0	0	1	0	0	1	0	1	0	0	0	1	0	0	1	0	0	1	1	0	1	0	0	0	1	0	2	1	1	2	0	0	2	0	0	0	0	0	0	1	1	0	0	2	0	1	1	0	0	1	0	0	0	1	0	0	0	1	0	0	0	0	1	0	0	0
"810"	"X1"	84	1	1	1	0	0	0	0	1	1	1	1	2	1	0	0	1	2	1	1	1	1	0	0	0	0	0	0	0	0	0	0	0	1	1	1	1	1	0	0	2	0	0	1	0	0	0	1	0	0	1	1	0	0	1	1	1	1	0	0	1	1	0	0	0	0	1	0	0	0	1	0	0	1	0	0	1	0	0	2	0	0	1	0	0	0	0	1
"977"	"X1"	81	0	1	0	2	0	0	0	1	0	1	1	0	1	0	0	0	0	0	2	0	1	2	0	1	0	0	0	1	0	0	2	0	1	0	1	1	1	1	0	0	0	0	0	0	0	0	1	1	0	1	0	2	1	1	0	1	0	0	0	0	2	0	1	1	0	0	1	0	0	1	0	0	0	0	0	1	1	0	0	0	0	1	1	2	0	0	1
"729"	"X1"	77	0	1	0	1	0	0	0	0	0	0	1	2	1	1	1	2	0	2	0	0	1	0	0	0	0	0	0	1	0	0	2	2	1	0	2	1	1	1	1	0	0	1	0	0	0	0	0	1	0	1	1	1	0	0	1	1	0	0	0	0	1	0	1	0	1	0	1	0	1	0	0	0	1	0	0	0	0	0	1	0	0	1	1	1	1	0	1
"897"	"X1"	78	0	0	0	0	0	0	0	2	1	0	0	1	1	0	1	0	2	1	1	0	0	1	0	1	0	1	1	1	1	0	1	1	1	0	2	1	1	1	1	0	0	1	1	0	0	0	0	0	0	0	1	1	2	1	0	0	1	0	0	1	1	0	1	0	1	0	1	1	0	0	0	0	0	0	0	1	0	0	1	1	0	1	0	2	0	0	1
"1020"	"X1"	87	1	0	1	1	0	1	0	1	0	0	2	1	0	1	0	0	1	1	1	0	1	1	0	1	1	0	0	0	0	0	2	2	1	1	1	2	1	1	0	0	0	1	1	2	0	1	0	0	0	1	2	1	0	0	0	0	1	0	1	1	0	0	1	0	2	0	1	0	0	0	0	0	1	0	1	0	0	0	0	1	1	1	0	2	0	0	0
"991"	"X1"	83	0	0	2	0	0	0	1	0	1	1	0	1	0	0	0	1	0	0	0	1	0	0	1	2	1	1	0	1	0	0	1	0	1	0	1	0	1	0	0	1	0	0	0	1	0	1	1	1	1	1	1	1	1	0	0	1	0	0	0	0	2	0	1	0	0	1	0	0	0	1	1	0	0	1	0	0	0	0	1	0	1	0	1	0	1	0	1
"1057"	"X1"	79	0	0	0	0	0	0	0	1	1	1	1	1	2	1	0	0	1	0	0	0	1	0	0	0	0	0	0	0	0	0	2	1	1	1	1	0	1	1	1	0	0	1	0	1	0	0	0	0	0	1	0	1	0	1	1	1	0	1	0	1	1	0	1	0	1	0	1	1	0	1	0	0	0	0	1	0	0	0	1	0	0	1	0	0	0	0	1
"345"	"X1"	78	1	1	0	0	0	1	0	1	0	0	1	0	0	1	0	1	0	0	1	1	1	0	1	2	1	0	1	0	0	1	2	1	0	0	1	1	0	0	1	0	0	1	0	0	0	1	0	2	0	1	1	1	0	0	1	1	0	0	1	0	0	1	1	0	0	0	1	0	0	0	1	0	0	0	0	0	0	0	1	1	0	1	0	1	1	0	1
"415"	"X1"	85	0	0	0	0	0	0	0	0	0	0	2	1	1	1	0	1	1	0	2	0	1	1	0	1	0	0	0	1	0	0	0	0	1	1	2	0	2	2	1	0	0	2	0	0	0	1	1	0	1	0	1	0	0	1	1	1	1	0	1	0	0	0	2	0	1	0	0	0	0	0	1	0	1	0	0	0	0	0	1	1	0	0	0	0	0	0	0
"115"	"X1"	88	0	2	0	0	0	1	0	2	1	0	0	0	0	0	0	1	0	0	1	0	0	1	0	0	0	0	0	0	0	0	0	1	0	0	2	0	0	0	1	0	0	0	2	1	0	0	2	1	0	0	1	1	2	1	0	1	0	0	0	2	1	0	1	0	0	0	0	0	0	0	0	0	1	1	0	0	0	0	1	0	0	2	0	0	1	0	1
"297"	"X1"	80	1	1	1	0	0	0	0	0	1	0	1	0	1	1	0	0	0	0	1	0	1	0	0	2	1	0	0	1	0	0	2	1	1	0	0	0	1	1	2	2	0	0	0	0	0	0	1	1	0	0	0	1	1	0	1	1	0	0	0	1	1	0	1	0	0	1	0	1	0	0	0	0	2	0	0	1	0	1	1	0	0	1	0	1	0	0	0
"1071"	"X1"	79	1	2	0	0	0	0	0	2	0	0	1	1	0	1	0	0	1	1	0	0	0	0	0	1	1	1	0	0	0	0	1	0	0	0	1	0	0	1	2	0	0	2	1	1	0	0	1	0	0	2	1	1	0	1	1	1	0	0	0	1	2	0	2	0	0	0	0	0	0	0	0	0	1	1	1	0	0	0	0	0	0	2	0	1	0	0	0
"1044"	"X1"	78	1	1	1	1	0	1	0	1	1	1	1	0	1	2	0	0	1	1	1	2	0	0	1	1	0	1	0	1	0	0	1	1	1	0	2	0	0	0	1	1	0	0	0	0	0	1	0	0	1	0	0	2	1	1	0	0	1	0	0	0	0	0	0	0	1	0	0	0	0	0	1	0	0	0	0	0	0	0	1	0	0	0	0	0	1	0	0
"920"	"X1"	71	1	1	1	0	1	0	0	0	1	0	1	0	1	1	0	0	1	0	2	0	0	0	0	1	1	1	0	0	0	0	1	1	2	0	1	1	1	2	1	1	0	0	1	0	0	1	1	2	0	1	0	1	0	2	2	0	0	0	0	0	1	1	0	0	1	0	0	0	0	0	0	0	0	0	1	0	0	0	2	0	0	1	2	0	1	0	1
"73"	"X1"	90	1	1	0	0	1	1	0	1	0	0	0	0	0	1	0	0	2	0	0	0	0	0	0	0	0	0	0	0	0	0	1	1	0	0	0	1	2	0	1	1	1	0	1	2	1	1	1	1	0	1	1	0	1	0	0	0	0	0	0	0	2	1	0	1	1	0	2	1	0	0	0	0	0	0	1	0	0	0	0	0	0	1	0	0	1	0	0
"491"	"X1"	60	1	1	0	0	0	0	2	1	1	1	1	2	1	0	0	1	1	1	0	1	0	0	1	1	0	0	0	1	0	0	1	2	2	0	1	0	0	1	1	0	0	2	0	1	0	0	1	0	0	1	1	0	0	2	2	1	1	0	0	1	1	1	2	0	0	0	2	0	0	0	0	0	0	0	1	0	0	0	1	0	0	1	2	1	1	0	0
"598"	"X1"	73	1	0	1	1	1	0	0	1	1	0	1	0	1	1	0	0	0	0	1	0	1	1	0	1	0	0	1	0	1	1	1	2	0	0	0	1	2	1	0	0	1	0	1	1	0	2	1	0	0	1	1	1	0	1	1	2	0	0	0	0	2	1	0	1	0	1	0	0	0	0	0	0	1	0	1	0	0	0	0	0	0	1	1	0	1	1	0
"413"	"X1"	85	0	1	0	0	1	0	1	1	0	0	2	0	1	1	0	0	0	0	2	1	0	0	1	1	1	0	1	0	1	0	1	0	0	0	1	1	0	0	2	2	0	2	0	0	0	1	0	1	0	0	0	1	0	1	1	1	0	1	0	0	1	0	0	0	1	0	1	0	0	0	0	0	1	0	0	0	0	0	0	0	1	0	0	0	1	0	0
"271"	"X1"	80	0	0	0	1	0	0	0	1	0	0	0	0	2	0	1	0	0	2	1	0	0	0	0	1	1	0	0	0	0	0	2	0	2	0	0	0	0	1	2	0	0	1	0	0	0	2	0	1	0	0	0	0	1	1	2	2	0	1	0	1	1	1	0	1	0	0	1	0	0	0	0	0	0	0	1	0	0	0	2	0	0	1	1	1	0	0	2
"367"	"X1"	74	0	1	0	1	0	1	0	1	0	0	2	0	1	0	1	1	1	0	1	0	0	0	0	0	0	0	0	0	0	0	0	1	0	0	1	0	1	2	1	2	0	0	0	2	0	0	0	0	0	1	1	1	1	2	0	1	0	0	0	1	1	1	2	0	0	0	0	0	0	0	0	0	0	0	0	1	0	0	1	1	0	1	0	1	1	0	1
"320"	"X1"	90	0	0	0	0	0	0	0	1	0	0	1	1	0	0	1	0	2	1	1	1	1	0	0	1	0	0	0	0	0	0	0	0	2	0	1	1	2	1	1	0	1	1	0	0	0	0	2	0	1	1	1	0	1	1	0	0	0	0	0	2	0	0	2	0	0	0	0	0	0	0	0	0	0	0	1	0	0	0	1	0	0	1	2	0	0	0	1
"79"	"X1"	90	1	1	0	1	0	0	0	2	0	0	2	0	0	1	0	2	2	2	0	1	1	0	1	0	0	2	0	2	0	0	0	0	0	1	1	0	1	2	1	0	0	0	0	1	0	0	1	1	0	0	1	1	1	1	0	0	0	0	0	0	0	0	0	0	2	0	1	0	2	0	0	0	2	0	0	0	0	0	1	0	0	0	1	2	1	0	0
"253"	"X1"	82	0	0	0	0	0	0	0	0	1	0	2	0	0	1	2	0	2	0	1	0	0	0	0	2	0	1	0	1	0	0	0	2	1	0	1	0	1	1	2	0	0	0	1	0	0	0	0	2	0	0	0	1	0	2	1	1	0	0	0	0	2	0	0	0	0	2	0	0	0	0	0	1	1	0	1	0	0	0	2	0	0	1	1	0	0	1	0
"98"	"X1"	78	0	1	0	0	0	1	1	1	0	0	1	1	1	0	0	0	1	0	1	0	1	0	0	1	1	1	0	1	0	0	1	1	1	0	1	0	1	0	1	0	0	2	0	0	0	0	0	0	0	0	0	0	1	0	2	1	0	0	0	0	1	0	1	1	0	0	1	0	0	0	0	0	1	0	1	0	1	0	2	1	0	2	1	1	0	0	2
"1022"	"X1"	83	1	1	1	0	0	1	0	0	1	1	0	0	1	0	0	0	2	1	2	0	1	1	0	0	0	1	0	1	0	0	1	2	1	0	2	1	2	0	1	0	0	0	1	1	0	2	0	0	0	2	2	0	0	1	1	1	0	0	0	1	2	1	2	0	0	0	0	0	0	0	0	0	0	0	0	0	1	0	0	0	0	1	1	1	0	0	2
"396"	"X1"	90	0	1	1	0	0	1	1	2	1	0	2	1	2	0	0	1	1	0	1	1	0	0	1	0	0	0	0	0	0	0	1	2	0	0	2	0	0	0	2	0	0	0	0	1	0	1	1	0	0	0	1	1	0	1	1	1	1	0	0	0	2	0	1	0	0	1	0	0	0	0	0	0	1	0	0	0	0	0	0	0	0	0	0	0	1	0	1
"693"	"X1"	77	0	0	0	2	0	1	0	1	1	0	1	0	0	1	1	1	1	0	0	0	0	0	0	1	0	1	0	1	0	0	1	1	0	1	0	0	1	0	0	0	0	0	0	1	0	0	1	2	0	0	1	2	0	1	0	0	1	0	0	0	1	0	0	0	1	0	1	0	1	1	0	0	1	0	1	1	0	0	2	0	0	2	2	0	1	1	2
"86"	"X1"	80	1	0	1	1	0	0	0	0	0	0	1	0	0	1	1	0	1	0	1	0	0	0	0	1	0	1	0	1	0	1	0	1	1	0	2	1	1	1	2	1	0	0	0	0	0	0	0	0	0	2	1	1	1	0	1	0	0	0	0	0	2	0	1	1	0	0	0	0	1	1	0	0	0	0	0	0	0	0	1	1	0	1	1	0	2	0	0
"484"	"X1"	38	0	0	2	1	0	0	0	1	0	0	2	0	1	0	0	1	0	0	2	0	2	0	0	0	0	0	0	0	0	1	1	1	1	0	1	0	0	0	0	2	0	0	0	0	0	1	0	1	0	1	2	1	2	1	1	1	0	0	0	1	1	2	0	1	1	0	2	0	1	0	0	0	1	0	1	0	1	0	1	0	0	0	0	1	1	0	0
"579"	"X1"	90	0	0	1	0	0	0	0	1	2	1	0	0	1	0	0	1	1	1	1	0	0	1	1	1	1	0	0	0	0	0	2	2	1	1	1	0	1	2	0	0	0	1	0	0	0	0	0	0	0	0	1	0	1	2	0	1	0	0	0	0	1	0	1	1	0	0	1	0	0	0	0	0	1	0	0	0	0	0	1	0	0	2	1	1	1	0	0
"1039"	"X1"	64	0	0	1	0	0	0	0	1	0	0	2	0	0	2	1	0	1	0	0	1	1	0	0	0	1	0	0	0	0	0	1	1	2	0	2	2	0	1	0	1	1	1	0	0	0	1	1	1	0	1	1	1	0	1	0	1	0	1	0	0	0	0	0	1	1	0	2	0	1	0	0	0	1	0	1	0	0	0	1	0	1	1	1	0	2	0	1
"1006"	"X1"	79	0	1	0	1	1	0	1	1	0	0	1	1	1	0	1	0	1	0	1	0	1	0	0	2	2	1	0	1	0	0	2	1	0	1	1	1	0	1	1	1	1	0	0	0	0	1	1	1	0	1	0	2	0	2	1	0	0	0	0	0	2	0	0	1	0	1	1	0	0	0	1	0	0	0	0	0	1	1	0	0	0	1	1	0	0	0	1
"199"	"X1"	77	0	0	2	1	1	0	1	1	1	1	1	1	0	0	1	1	1	1	1	0	1	1	0	1	1	1	0	0	1	1	1	0	1	0	1	2	0	1	1	0	0	1	0	0	0	1	0	0	0	2	1	0	0	2	1	2	0	0	0	0	1	1	0	0	1	0	0	0	0	0	1	0	0	0	0	0	0	1	1	0	0	0	0	0	0	0	1
"116"	"X1"	82	1	0	1	1	0	0	0	1	0	0	1	0	1	1	0	1	1	0	1	0	1	0	0	0	0	0	1	0	1	1	1	1	1	0	0	2	1	0	1	1	0	0	0	0	0	1	1	0	0	1	1	1	0	0	1	0	0	0	0	1	0	1	1	1	0	0	1	0	0	1	0	0	1	0	0	0	0	0	1	0	0	1	1	0	0	0	0
"85"	"X1"	88	1	1	1	0	0	0	0	1	0	0	2	0	0	0	1	0	1	2	1	0	1	0	0	0	0	0	2	0	1	0	2	2	1	0	1	2	1	0	0	2	0	0	0	1	2	1	0	1	1	1	1	0	1	0	1	1	0	0	0	0	1	0	1	0	0	1	0	0	0	0	0	0	1	0	2	0	0	0	1	1	0	0	1	1	1	0	1
"807"	"X1"	62	1	0	1	1	0	1	0	1	1	0	0	1	0	0	2	0	1	0	0	0	0	0	0	0	0	0	0	0	1	0	1	1	0	1	2	0	0	1	1	1	0	0	0	1	0	0	0	1	1	1	0	2	1	0	1	0	1	0	0	0	2	0	1	1	0	0	0	0	0	0	1	0	0	0	1	0	0	1	1	0	0	2	1	0	2	0	2
"249"	"X1"	86	1	0	1	1	0	0	0	1	0	1	1	1	2	1	1	0	0	1	1	1	0	0	1	1	0	1	0	1	0	0	1	1	1	0	0	1	1	1	1	1	0	0	0	0	0	1	1	1	1	2	1	0	1	1	2	0	0	0	0	0	1	1	1	1	1	0	1	0	0	0	0	0	1	0	1	0	0	1	1	0	0	2	1	1	0	0	1
"347"	"X1"	76	0	1	0	1	0	1	0	0	0	0	1	0	1	1	1	0	2	2	1	0	0	1	0	1	0	1	0	2	0	0	1	2	1	0	1	1	1	0	1	0	1	1	1	1	0	1	0	0	0	1	1	1	1	1	1	2	0	0	0	0	2	0	0	0	1	1	1	0	1	0	0	0	2	0	1	1	0	1	1	0	0	0	0	0	1	0	1
"490"	"X1"	84	1	2	0	1	0	0	0	0	0	0	0	0	2	1	0	0	1	0	2	0	1	1	0	1	0	0	1	0	0	1	1	1	0	0	2	2	0	1	1	0	1	0	0	1	0	0	0	0	0	1	1	1	0	1	1	0	0	1	0	1	1	0	0	0	2	0	0	0	0	0	1	0	0	0	0	0	0	1	1	0	0	1	1	0	0	0	0
"203"	"X1"	83	0	0	0	2	0	1	0	1	0	0	0	0	1	0	1	0	1	0	1	0	0	1	0	1	1	0	0	1	0	0	1	1	2	0	2	0	1	0	1	1	0	1	0	1	1	1	0	0	0	1	1	1	0	1	1	1	1	0	0	1	0	0	1	1	1	0	1	0	0	0	0	0	1	0	0	1	0	1	0	1	0	0	0	0	1	0	1
"892"	"X1"	86	1	1	0	1	0	0	2	1	0	1	1	0	0	0	1	0	1	0	1	0	1	1	0	0	0	1	1	0	1	0	0	2	2	0	0	0	1	2	1	1	0	1	0	1	0	1	0	2	0	1	0	0	2	0	1	0	0	0	0	0	1	1	0	1	1	0	1	0	0	0	0	0	1	0	1	1	0	1	1	0	0	0	1	2	0	0	0
"683"	"X1"	69	0	0	0	0	0	0	0	0	1	0	0	0	0	0	1	0	1	1	1	0	0	0	0	2	2	1	0	0	0	0	2	1	0	0	0	0	0	0	0	1	0	2	0	0	0	2	0	1	0	1	1	0	0	2	1	1	0	0	1	0	1	1	0	0	1	0	1	0	1	1	0	0	2	0	0	0	1	0	0	0	0	2	1	1	0	0	1
"348"	"X1"	90	1	0	2	0	0	0	1	0	0	0	1	0	0	1	1	1	0	0	0	1	1	0	1	0	0	0	1	0	1	0	1	1	0	0	1	0	1	0	0	1	0	0	0	1	0	1	1	0	0	1	1	0	1	0	1	0	0	0	0	0	0	0	1	0	2	0	1	0	1	0	0	0	1	0	0	1	1	0	0	1	0	0	1	2	0	0	0
"324"	"X1"	80	0	0	1	0	0	0	1	1	1	1	1	0	0	1	1	0	2	1	2	0	1	1	0	1	1	1	0	2	0	0	1	1	0	0	1	1	1	0	0	1	0	1	0	0	0	0	0	1	0	0	2	0	1	0	0	0	1	0	0	0	0	0	1	0	0	1	0	0	0	0	0	0	1	0	0	0	0	1	0	0	0	1	1	1	0	0	1
"291"	"X1"	88	0	1	0	0	1	0	1	1	1	1	1	1	0	1	0	0	1	0	1	0	0	1	0	0	0	0	0	1	0	0	1	0	2	0	1	1	1	2	1	0	1	0	0	1	1	1	1	0	1	1	2	0	0	0	0	0	1	0	0	1	0	0	0	0	2	0	0	0	0	0	1	0	0	0	1	1	0	0	0	0	0	1	0	1	0	0	1
"1043"	"X1"	72	0	0	1	0	0	0	0	1	0	0	0	0	0	1	1	0	0	1	0	0	0	0	0	1	0	0	1	0	1	1	2	0	0	0	0	0	0	1	1	0	0	0	1	0	0	2	1	1	0	0	0	2	1	1	0	1	0	0	0	0	1	1	0	2	0	0	1	0	0	0	1	0	0	0	0	1	0	1	1	0	0	1	1	0	0	0	0
"924"	"X1"	84	0	2	0	0	0	1	0	2	1	0	2	1	1	0	2	0	0	0	2	0	1	0	0	2	1	1	0	0	0	0	0	0	1	0	2	2	0	0	2	1	0	1	0	0	0	0	1	2	0	0	0	1	0	1	0	1	0	0	0	0	1	0	0	0	2	0	1	0	1	0	1	0	0	0	0	0	0	0	1	0	0	1	0	0	0	0	0
"306"	"X1"	77	1	1	0	1	0	0	0	1	0	0	0	0	0	1	0	2	0	0	0	0	0	0	0	1	0	0	1	0	1	0	0	1	0	0	0	0	1	1	1	0	0	1	0	0	0	0	0	0	0	0	1	1	0	0	1	0	0	0	0	1	1	0	0	1	1	0	2	0	1	0	0	0	2	0	0	0	0	0	2	0	0	1	1	0	0	0	1
"970"	"X1"	76	0	1	0	0	0	0	0	0	0	0	1	1	1	0	0	1	1	2	1	1	2	0	0	1	0	1	1	1	1	0	1	1	1	0	2	1	2	2	1	1	0	1	0	2	0	0	1	0	0	1	2	1	0	1	0	0	0	0	0	0	1	0	0	1	0	1	1	0	0	0	0	0	1	0	0	0	0	1	1	0	0	2	1	0	1	1	0
"1021"	"X1"	83	0	0	0	2	0	1	1	1	1	0	1	1	2	1	1	0	1	0	0	1	0	0	1	1	0	0	0	0	0	0	0	0	1	1	1	1	1	0	0	0	0	1	0	1	0	1	2	1	0	1	0	1	1	2	2	2	0	0	1	1	0	0	2	0	2	0	1	0	0	0	1	0	1	0	0	1	0	0	2	1	0	0	0	1	1	0	0
"97"	"X1"	88	1	0	1	2	0	0	0	0	0	1	0	1	0	0	1	0	2	1	1	1	0	1	1	1	0	0	0	2	0	0	0	1	1	0	1	0	2	1	0	0	0	2	1	1	0	1	0	0	0	0	1	1	0	1	0	0	1	0	0	0	0	0	0	1	1	0	2	0	1	0	0	0	1	0	1	0	0	0	1	1	0	0	1	1	0	0	0
"955"	"X1"	52	1	1	1	0	0	0	0	0	0	0	1	0	0	1	1	1	0	0	0	0	0	0	0	2	1	0	0	0	0	0	2	2	1	0	1	1	1	1	1	0	2	0	0	0	0	1	1	1	1	2	1	1	0	0	0	0	0	0	0	0	1	0	0	0	0	1	0	0	0	1	0	1	1	0	1	0	1	0	0	1	0	2	2	2	1	2	1
"422"	"X1"	59	1	1	1	1	0	0	0	1	1	0	0	0	0	1	0	1	1	0	2	1	2	1	0	1	0	2	0	1	0	0	0	0	0	0	1	0	0	0	2	0	0	1	0	0	0	0	1	1	0	0	0	0	0	1	1	1	0	0	0	0	1	0	0	0	1	1	1	1	0	0	0	0	1	0	1	1	0	0	1	1	1	0	0	0	0	0	1
"311"	"X1"	87	0	0	0	0	0	0	0	1	1	0	1	0	0	0	1	0	0	0	1	0	0	2	0	0	0	1	0	0	0	0	0	1	1	0	0	2	0	0	0	2	0	1	1	0	0	0	0	1	0	1	1	1	1	1	0	0	1	0	0	0	1	0	0	0	1	0	1	1	0	1	0	0	1	0	0	1	0	0	1	0	0	2	1	1	1	0	1
"562"	"X1"	85	0	0	0	0	0	1	0	1	0	0	1	0	2	1	0	1	0	1	1	1	0	0	1	0	1	1	0	1	0	0	0	0	1	0	1	0	1	0	2	2	0	2	0	2	0	1	1	2	0	1	1	0	0	2	1	0	0	0	0	1	1	0	0	1	0	0	1	0	0	1	0	0	0	0	0	2	0	1	0	2	1	0	0	0	1	0	1
"254"	"X1"	84	1	1	0	0	0	0	0	0	1	1	1	1	0	0	0	0	1	0	1	1	0	1	1	2	0	0	1	1	1	0	1	0	1	0	1	1	1	0	1	1	0	1	2	1	0	2	1	1	0	1	2	2	0	2	0	0	0	0	0	0	1	1	1	1	0	0	1	0	0	0	0	1	2	0	0	1	0	0	2	0	1	0	1	0	0	0	1
"1078"	"X1"	90	0	0	2	0	1	0	2	2	1	1	0	2	2	0	1	0	1	1	2	1	0	0	0	1	0	2	0	2	0	0	0	0	2	0	1	0	0	0	1	1	0	2	1	1	0	0	1	0	0	0	2	2	0	1	1	1	1	0	0	1	1	0	0	0	1	0	0	0	0	0	1	0	0	0	0	0	0	0	2	1	0	2	0	1	0	0	0
"476"	"X1"	90	0	2	0	1	0	0	0	0	0	0	0	1	1	0	1	0	0	1	1	1	0	0	1	0	0	1	0	1	1	0	0	1	0	0	0	1	1	0	1	0	0	2	1	0	0	1	0	1	1	2	1	0	1	1	2	1	0	1	0	0	2	1	0	1	0	1	1	0	0	0	1	0	1	0	0	0	0	0	2	0	0	2	1	0	1	0	1
"200"	"X1"	90	1	1	0	1	0	0	0	1	0	1	0	0	1	1	0	0	0	1	0	1	0	0	2	1	2	0	0	0	0	0	2	0	0	0	0	1	1	0	0	0	1	1	0	0	1	1	1	1	1	2	0	1	0	0	0	0	0	1	0	1	0	0	0	1	0	0	0	1	0	0	1	0	1	0	1	0	1	0	2	1	0	2	0	1	0	1	2
"289"	"X1"	85	0	1	0	0	1	0	1	1	0	1	1	1	0	0	0	2	1	0	0	1	1	0	0	0	0	1	1	1	1	0	1	1	0	0	0	1	0	0	0	0	1	0	0	2	0	1	1	2	0	2	1	1	0	0	1	0	0	0	0	0	1	0	0	1	0	1	1	0	0	0	0	0	1	0	1	0	0	0	0	0	0	0	0	1	0	0	1
"520"	"X1"	75	0	0	0	1	0	0	0	0	0	0	0	0	0	0	0	0	1	1	2	0	0	0	0	1	1	0	0	1	0	0	0	2	1	0	1	0	0	0	1	0	0	1	0	0	0	2	1	1	0	1	1	0	1	0	0	1	1	0	1	1	0	0	2	0	1	0	0	0	0	0	1	0	0	1	0	0	1	0	1	0	0	1	1	1	0	0	1
"331"	"X1"	80	1	1	0	0	0	0	0	0	0	0	1	2	1	0	1	0	1	1	0	0	0	0	0	0	0	1	0	1	0	0	2	0	2	0	0	1	0	1	2	2	0	1	1	0	0	2	0	0	0	0	1	2	1	0	2	0	0	0	0	0	1	0	0	1	0	1	1	0	0	0	0	0	2	0	1	1	1	0	2	1	0	1	0	0	2	0	0
"937"	"X1"	83	0	1	1	1	1	0	1	1	0	0	1	2	1	0	0	2	1	1	1	1	1	1	1	1	1	0	1	1	0	0	0	0	1	0	1	0	0	2	0	1	0	1	1	1	1	1	0	1	0	1	0	1	1	1	0	2	0	0	0	0	2	1	0	2	0	0	1	0	0	0	0	0	1	0	1	0	1	0	1	1	0	1	0	0	1	0	0
"774"	"X1"	82	0	0	2	1	0	0	1	1	0	1	1	0	1	1	0	0	1	0	1	1	0	0	0	1	1	1	0	0	0	0	0	0	0	0	1	2	0	1	1	0	1	0	1	0	0	0	0	0	2	0	0	1	2	1	0	0	0	0	0	0	2	0	0	0	1	1	1	1	0	0	0	0	0	0	1	0	0	0	0	0	0	1	2	1	0	0	2
"1083"	"X1"	78	1	0	1	1	0	0	0	1	0	0	2	0	0	0	0	0	1	2	0	0	0	0	0	1	1	1	1	1	1	0	1	0	1	0	2	0	1	2	0	0	0	1	1	2	1	2	0	1	2	1	1	1	1	2	1	1	0	0	1	0	0	0	0	0	2	0	1	0	0	1	0	0	2	0	0	0	1	0	0	0	0	1	1	0	1	0	0
"43"	"X1"	76	0	0	1	1	1	1	1	2	0	0	1	1	0	1	1	1	1	0	1	0	1	1	0	1	0	1	0	1	0	0	1	1	1	0	0	0	0	1	1	1	0	0	1	0	0	1	1	1	0	1	1	1	1	1	0	0	0	0	0	0	1	0	2	0	0	0	0	0	0	1	0	0	0	0	0	1	0	0	1	0	1	1	0	0	2	0	2
"954"	"X1"	90	1	1	1	0	1	2	0	2	1	0	0	0	0	0	1	0	1	0	1	1	0	1	1	0	0	0	0	0	0	0	2	2	1	0	2	2	2	1	1	1	1	0	0	0	0	1	0	1	0	1	1	1	0	1	1	2	0	0	1	1	0	1	1	1	0	0	1	1	0	0	0	0	2	0	2	0	1	0	1	1	0	1	1	1	0	0	0
"960"	"X1"	81	0	1	0	1	0	1	0	1	0	0	0	0	0	1	0	2	2	0	1	0	1	0	0	2	1	0	0	1	0	0	1	1	1	0	1	1	0	0	1	0	1	0	0	1	0	1	1	1	1	2	1	1	0	1	1	0	0	0	0	0	0	0	1	1	0	0	1	0	0	0	0	0	1	0	1	1	0	0	1	0	0	0	1	0	1	0	1
"794"	"X1"	90	0	1	0	0	0	1	1	2	0	0	1	0	0	0	1	0	2	0	1	0	2	0	0	1	1	0	1	0	0	1	1	0	1	0	1	0	1	0	2	0	0	2	0	0	0	1	1	0	0	2	0	1	1	0	1	0	0	0	0	0	0	1	0	2	0	0	2	0	0	0	0	0	2	0	1	0	1	0	2	1	0	1	0	1	0	1	1
"856"	"X1"	85	0	0	0	1	0	0	0	1	0	0	2	1	0	2	0	0	0	1	0	0	0	1	0	0	0	0	1	0	0	0	0	1	1	1	1	0	1	1	0	0	0	0	0	1	1	0	0	0	0	0	2	2	0	0	1	0	0	1	0	1	0	1	1	1	0	0	0	1	0	0	0	0	1	0	2	0	1	1	1	0	0	1	1	0	0	0	0
"908"	"X1"	70	0	0	2	0	0	0	0	0	0	0	1	1	0	1	0	1	1	0	0	0	0	0	0	0	0	0	1	1	1	0	1	2	2	0	0	1	1	1	1	0	0	2	0	1	1	0	0	0	0	1	1	1	1	1	0	0	0	0	0	1	0	1	2	0	0	0	0	0	0	0	0	0	0	0	0	1	0	0	0	1	0	1	0	1	1	1	1
"801"	"X1"	90	0	1	0	0	0	0	0	1	0	0	2	0	1	2	0	1	0	2	1	0	2	0	0	0	0	1	0	1	0	0	2	2	1	0	0	0	0	2	1	1	0	1	0	0	0	0	0	1	0	1	2	2	1	0	1	1	0	0	1	0	1	0	0	0	1	0	0	0	0	0	0	0	1	0	1	0	0	0	1	0	0	1	1	2	0	0	0
"823"	"X1"	75	0	0	1	0	0	1	0	1	2	0	0	2	1	0	1	1	0	2	1	0	0	0	1	1	1	0	0	1	0	0	1	1	1	0	0	0	0	0	1	1	0	2	0	2	0	1	0	1	0	2	2	0	1	1	1	2	0	1	1	1	2	2	0	2	0	0	1	0	0	0	0	0	1	0	0	0	0	0	2	0	0	2	0	0	0	0	0
"872"	"X1"	86	0	0	1	0	0	0	0	0	1	0	0	0	0	0	1	0	0	2	1	1	2	1	0	1	0	2	0	1	0	0	0	0	2	0	0	0	0	1	0	1	1	1	1	2	0	0	0	0	0	1	0	1	1	0	0	0	1	0	0	0	2	0	2	0	0	0	0	0	0	0	0	1	0	0	0	1	0	0	1	0	1	1	0	0	0	1	0
"409"	"X1"	71	0	1	0	0	0	1	0	1	1	0	1	0	0	1	0	0	1	1	1	0	0	1	0	2	2	1	0	2	0	0	0	0	1	0	1	2	1	1	0	0	0	0	0	0	0	2	1	2	1	1	2	1	0	2	2	1	0	0	1	0	0	0	1	0	2	0	1	0	1	0	1	0	1	0	1	0	2	0	0	0	0	2	2	0	1	0	0
"437"	"X1"	85	1	1	0	0	0	0	0	0	1	0	0	0	0	1	0	1	1	0	1	1	0	0	1	2	1	0	0	0	0	0	1	1	0	0	0	0	1	0	0	2	0	0	0	1	0	0	2	1	0	0	0	1	0	1	2	0	0	0	1	1	0	0	1	0	1	0	1	0	0	0	1	0	0	0	1	0	0	0	2	0	0	0	0	0	1	0	2
"826"	"X1"	90	0	1	1	0	1	0	0	1	1	0	1	0	1	0	2	0	0	1	1	0	1	0	0	1	1	0	0	0	0	0	1	1	0	0	1	1	0	1	0	0	0	1	1	0	0	0	0	0	0	2	1	1	1	1	0	0	1	0	0	1	1	0	2	0	0	0	0	0	0	1	0	0	0	0	0	1	1	0	1	0	1	0	1	0	0	0	1
"820"	"X1"	61	1	0	1	0	0	0	0	0	0	0	1	0	1	1	0	0	1	0	1	1	0	0	1	1	1	0	0	1	0	0	1	1	2	0	1	1	2	1	0	0	1	0	1	0	0	1	0	0	1	2	1	0	1	0	0	0	0	0	0	1	1	1	0	0	0	0	0	0	1	1	0	0	1	0	0	1	0	0	2	1	1	1	1	0	1	0	1
"176"	"X1"	90	1	0	1	0	0	0	0	0	1	1	1	1	1	1	0	1	2	1	2	0	0	0	0	0	0	0	1	0	1	1	2	1	1	0	0	0	0	0	2	1	1	0	0	1	0	1	0	0	0	0	1	1	1	1	1	1	0	0	0	1	1	0	1	0	0	1	0	0	0	0	1	0	0	0	0	0	1	0	1	0	0	0	0	1	1	0	0
"879"	"X1"	81	0	0	0	1	0	2	0	1	1	1	1	1	0	0	1	0	1	2	2	0	2	1	0	1	0	1	1	0	1	0	1	0	2	0	1	0	1	1	0	0	0	0	2	1	0	1	0	1	0	0	1	0	1	0	1	0	0	0	0	1	1	1	1	0	0	1	0	0	0	0	0	0	0	0	0	1	0	0	0	1	0	1	1	0	1	0	1
"399"	"X1"	86	0	0	0	1	0	1	1	0	0	0	1	0	1	0	1	0	0	1	1	0	1	1	0	0	0	1	0	1	0	0	0	1	0	0	1	0	0	1	1	1	0	2	0	0	0	2	1	1	1	1	2	1	1	0	1	1	0	0	0	0	1	0	0	0	1	1	1	0	0	0	0	1	0	1	1	0	0	0	1	0	0	0	1	1	1	0	0
"989"	"X1"	53	0	1	0	0	0	0	0	0	0	0	1	0	0	0	0	1	1	0	1	0	1	0	0	0	0	1	0	2	0	0	0	1	1	0	2	1	1	1	1	1	1	1	2	0	0	0	2	1	1	2	1	2	0	0	0	0	0	0	0	0	2	0	0	0	2	0	2	1	0	0	0	0	0	0	1	0	1	0	0	0	0	1	1	1	0	0	1
"655"	"X1"	60	0	0	1	0	0	1	0	1	1	0	1	0	1	1	1	0	2	1	2	0	2	0	0	1	1	1	0	1	0	0	0	0	0	0	1	1	0	1	1	0	0	2	0	1	0	0	1	2	0	0	2	0	0	1	1	0	0	0	0	1	1	1	0	1	0	0	1	0	0	1	0	0	1	0	1	0	0	0	1	0	0	1	0	1	1	1	1
"294"	"X1"	81	0	2	0	0	0	0	0	0	1	0	1	0	0	0	0	0	1	1	2	0	0	0	0	1	1	1	0	1	0	0	0	2	1	0	1	0	0	2	1	1	0	2	0	0	0	1	1	2	0	1	1	1	1	1	0	0	2	0	0	1	0	0	2	0	0	0	0	0	1	0	0	0	1	0	0	2	1	0	1	0	0	1	0	0	0	0	0
"682"	"X1"	90	0	1	1	0	0	0	1	0	1	0	1	0	1	0	0	0	1	1	2	0	0	0	0	2	1	0	0	0	0	0	2	2	0	0	1	0	0	1	2	0	0	1	0	0	0	0	1	2	0	0	1	1	1	2	0	1	0	0	1	1	0	0	2	1	0	0	0	1	0	0	0	0	1	0	0	0	0	0	1	0	0	0	1	0	0	0	0
"519"	"X1"	85	1	0	1	1	0	0	0	0	1	0	2	0	0	0	1	0	1	1	1	1	0	0	1	2	0	1	0	1	0	0	1	1	0	0	1	1	0	0	1	1	0	0	1	0	0	2	0	1	1	2	1	0	0	1	0	1	1	1	0	0	0	0	0	2	0	0	2	0	0	0	0	0	1	0	1	0	1	1	1	0	0	0	0	1	1	0	1
"1079"	"X1"	61	1	0	1	1	1	0	1	1	0	0	1	0	1	1	0	0	0	0	1	0	1	1	0	1	1	1	1	1	1	0	1	1	0	0	0	0	0	1	1	0	1	2	0	1	0	1	0	0	1	2	1	2	0	2	1	1	0	0	0	0	2	0	0	1	1	0	0	0	0	0	1	0	1	0	0	0	0	0	1	1	1	0	0	0	0	0	1
"397"	"X1"	76	1	1	0	0	1	0	0	2	0	1	1	0	1	2	1	1	0	1	2	0	1	1	0	0	0	1	0	2	0	0	0	1	2	0	0	0	0	0	0	1	1	0	1	2	0	1	0	1	0	0	0	1	2	0	0	0	0	0	0	1	1	0	0	0	1	0	1	0	1	1	0	0	1	0	0	0	0	1	1	0	0	2	2	0	1	0	0
"673"	"X1"	86	0	1	0	0	0	1	0	1	0	0	0	0	1	0	1	0	2	0	1	1	0	0	1	0	0	0	0	1	0	0	2	1	0	1	1	1	0	2	2	1	1	1	0	1	0	0	2	1	1	0	0	1	1	0	0	0	0	0	0	0	1	0	0	2	0	0	1	0	0	0	0	0	2	0	1	0	0	0	1	1	0	1	1	1	0	0	1
"398"	"X1"	89	0	0	2	1	1	0	1	2	0	0	2	2	0	0	0	0	2	0	1	1	0	0	1	1	0	0	0	0	0	0	0	2	0	1	2	1	1	1	0	0	0	0	0	0	0	1	1	0	0	2	2	0	0	0	0	0	1	0	0	1	0	0	1	0	0	1	0	0	0	1	0	0	1	0	0	0	0	0	1	0	1	0	0	0	1	0	0
"660"	"X1"	90	1	0	1	1	0	1	0	1	1	0	1	1	1	2	0	0	1	0	1	0	1	1	0	0	0	0	1	1	0	0	2	1	1	0	1	0	0	1	1	0	0	1	0	0	0	1	1	0	0	2	1	2	0	1	1	1	0	1	0	0	1	0	0	1	1	0	2	0	1	0	0	0	1	0	0	0	0	0	2	0	0	2	1	2	0	0	1
"91"	"X1"	78	1	0	0	0	1	0	1	1	1	0	1	0	0	1	0	1	2	1	0	0	0	0	0	0	1	0	0	1	0	0	1	0	0	1	0	1	0	1	0	0	0	0	1	1	1	0	0	2	0	1	2	0	0	1	0	1	0	0	0	0	1	0	0	0	1	1	0	0	0	0	1	1	0	0	1	0	0	0	1	0	0	2	2	2	0	0	0
"712"	"X1"	84	0	0	1	0	0	0	0	1	1	0	0	1	0	0	0	0	0	0	2	0	1	0	0	0	0	1	0	1	1	0	1	1	1	1	1	1	0	0	2	1	1	2	1	0	0	1	0	0	0	1	0	1	1	0	1	0	1	0	0	0	1	0	2	0	0	0	0	0	0	0	0	0	0	0	0	0	0	0	2	1	0	0	1	0	0	0	1
"650"	"X1"	58	1	0	0	0	0	0	0	2	0	0	1	1	0	1	2	0	1	0	1	0	0	1	0	1	0	0	0	0	0	0	1	1	0	0	2	1	1	1	1	2	1	2	1	0	0	0	1	1	0	0	2	2	1	1	2	1	0	0	1	0	1	1	1	1	0	0	1	0	0	0	0	0	1	0	0	1	0	0	1	0	0	0	1	0	1	0	0
"898"	"X1"	90	1	0	1	1	0	0	0	0	0	0	0	2	1	1	1	1	1	1	0	0	0	0	0	1	1	1	0	1	0	0	0	1	0	0	2	1	2	0	0	0	0	1	1	2	0	0	0	0	1	1	1	0	0	1	0	0	1	0	0	1	1	0	2	0	1	0	1	0	0	0	0	0	1	0	1	0	0	0	1	1	0	2	1	1	1	0	0
"143"	"X1"	74	0	0	0	0	0	1	0	1	0	0	1	0	1	0	0	1	1	1	1	1	0	0	1	0	0	1	0	1	0	0	1	1	0	0	0	1	1	1	1	1	0	1	0	1	0	1	1	1	1	1	2	1	1	0	0	1	0	0	0	0	1	0	1	0	1	1	1	0	1	0	1	0	1	1	0	0	0	0	1	0	0	0	0	0	2	0	0
"607"	"X1"	50	0	0	0	2	0	0	0	0	0	1	1	1	2	0	0	0	2	0	0	0	1	0	0	1	0	1	0	1	0	0	2	2	0	1	1	0	1	1	1	1	0	1	1	1	1	1	0	0	0	2	1	2	0	2	0	0	1	0	0	0	2	0	1	1	0	0	0	0	0	0	0	0	1	0	2	0	0	0	2	0	1	0	1	1	0	0	2
"210"	"X1"	89	0	0	1	1	0	0	0	2	1	0	0	1	1	2	0	2	2	0	1	0	1	0	0	1	0	0	1	1	1	1	1	1	0	1	2	0	1	1	0	1	0	0	0	0	0	1	1	1	2	1	1	0	0	1	1	0	0	0	0	0	0	0	1	1	0	0	1	0	0	0	0	0	1	1	1	0	0	0	0	1	1	0	0	1	0	0	1
"461"	"X1"	90	0	1	1	0	0	0	0	0	2	0	0	0	1	1	0	2	1	0	0	2	0	2	0	1	2	0	0	1	0	0	1	0	1	0	0	0	1	1	1	1	1	2	0	2	0	0	0	1	0	0	1	2	0	0	2	1	0	0	0	0	2	1	0	0	0	1	1	0	0	0	0	1	0	0	0	1	0	0	1	0	0	1	1	1	1	0	0
"163"	"X1"	75	0	1	1	2	0	1	0	1	0	1	1	1	0	1	0	0	1	1	1	0	0	0	0	0	0	1	0	0	0	0	1	1	1	1	2	0	0	0	2	1	0	0	1	0	0	2	0	1	1	2	1	0	1	1	1	1	0	0	0	0	1	0	1	0	1	0	1	0	1	1	0	0	1	0	1	0	0	1	0	1	1	1	1	0	1	0	0
"566"	"X1"	79	0	1	0	0	0	1	1	2	1	0	0	0	0	2	0	0	1	1	2	0	0	1	0	0	0	1	1	1	1	1	0	0	1	0	0	0	1	1	0	1	1	0	0	0	0	1	1	1	0	1	1	1	0	1	0	1	0	0	0	0	1	0	0	0	1	1	1	0	1	0	0	0	1	0	0	1	0	1	1	0	1	0	0	0	0	0	1
"904"	"X1"	79	0	2	0	0	0	0	0	0	0	1	0	0	0	0	1	0	1	0	1	0	1	1	0	0	0	1	1	1	1	1	0	1	0	0	1	1	1	1	2	1	0	0	1	0	0	1	1	2	0	1	1	0	0	1	0	1	1	0	0	0	1	1	0	1	1	0	0	0	0	0	1	0	0	0	0	0	0	0	2	0	0	2	1	2	1	0	0
"351"	"X1"	90	0	0	0	2	1	1	0	1	1	0	0	0	1	0	1	0	0	0	1	0	0	1	0	0	0	0	0	0	0	0	2	2	1	0	0	1	2	1	2	1	0	0	0	1	0	0	0	1	0	1	0	0	0	0	1	0	0	0	0	0	0	0	0	0	0	1	0	0	0	1	0	0	2	0	0	0	1	0	0	1	0	2	2	2	0	0	0
"901"	"X1"	90	0	0	0	1	0	0	0	0	1	0	1	0	1	0	1	1	1	0	0	1	1	0	1	1	0	0	0	1	0	0	1	0	0	0	0	1	1	1	1	1	1	0	0	0	0	0	1	1	0	1	2	2	0	2	2	0	1	0	0	1	0	0	1	2	0	0	0	0	1	0	0	0	1	0	1	0	0	0	1	1	0	0	1	1	1	1	1
"32"	"X1"	83	0	0	0	1	0	1	0	0	1	0	1	1	1	0	0	0	0	0	1	0	1	1	0	1	0	0	0	0	0	0	1	1	1	0	0	0	1	0	0	1	2	1	0	0	0	0	1	1	0	0	1	1	0	0	2	0	0	0	0	0	0	0	0	1	1	0	1	0	0	0	1	0	1	0	0	0	0	0	2	0	0	2	1	0	1	1	0
"654"	"X1"	79	0	0	1	1	0	0	0	0	0	0	2	1	0	0	0	0	1	1	1	0	0	1	0	1	1	1	0	1	0	0	2	1	1	0	1	0	2	1	1	1	0	0	1	1	0	1	0	0	0	2	1	1	0	1	1	0	0	0	0	0	1	0	2	0	0	0	1	0	0	0	0	0	0	0	0	1	0	0	2	0	0	0	0	1	1	1	0
"554"	"X1"	84	1	0	0	0	0	0	0	1	0	0	2	0	1	0	0	0	2	0	0	0	1	1	0	2	2	0	0	0	0	0	2	2	1	0	1	1	0	1	1	2	0	0	0	0	0	1	2	0	0	2	1	0	1	0	1	0	0	0	0	0	1	0	0	1	1	0	0	0	0	0	0	0	0	0	1	0	0	1	0	0	0	1	0	1	0	0	0
"316"	"X1"	83	0	0	1	0	0	0	0	2	0	0	1	2	0	1	0	1	2	0	1	0	2	0	0	0	0	0	0	0	0	0	1	1	1	0	1	1	1	1	0	2	0	2	1	1	0	1	1	0	0	1	0	1	0	2	1	0	1	0	0	1	2	0	1	0	0	1	0	0	0	0	0	0	1	0	0	0	0	0	1	0	0	1	0	0	0	0	1
"935"	"X1"	90	1	2	0	0	0	0	0	2	0	0	1	0	1	0	0	0	0	1	1	1	1	0	1	0	1	0	0	0	0	1	1	1	0	0	1	1	0	0	0	2	0	1	0	2	0	0	0	0	0	2	0	1	0	1	1	0	0	0	0	0	1	0	1	0	1	0	1	0	1	1	0	0	1	0	1	0	0	0	1	1	1	1	0	1	1	0	0
"825"	"X1"	90	0	1	0	0	0	1	0	1	0	0	0	0	1	0	0	2	1	0	1	0	0	1	0	2	1	0	0	1	0	0	1	2	0	0	1	0	1	0	0	0	0	1	1	2	1	1	1	1	0	2	1	1	0	1	2	2	0	0	2	0	1	1	1	1	1	0	2	0	1	0	0	0	2	0	0	0	0	0	1	0	0	2	1	0	0	1	0
"58"	"X1"	85	1	1	0	0	0	0	0	0	1	0	1	1	1	2	1	0	0	1	0	0	0	0	0	0	0	1	0	1	0	0	1	1	1	1	1	1	1	1	2	0	0	0	1	2	0	0	0	0	0	2	1	1	1	0	1	1	0	0	0	0	1	1	0	1	0	1	1	0	0	0	0	1	1	0	1	0	0	0	1	0	2	0	1	0	1	0	1
"57"	"X1"	90	0	0	0	0	0	0	0	0	1	1	0	1	1	1	0	1	1	0	1	0	0	1	0	1	0	0	0	0	0	0	1	1	0	0	0	0	0	0	0	1	1	1	1	1	1	1	1	1	1	1	0	1	1	1	1	0	0	0	0	0	1	0	0	1	1	0	1	0	0	0	0	0	1	0	1	1	0	1	1	0	0	0	0	1	1	1	0
"307"	"X1"	82	1	0	1	1	0	0	0	0	0	0	0	0	2	0	0	1	1	1	0	1	0	0	1	0	0	0	0	0	0	0	1	0	1	0	0	1	1	0	0	1	0	0	2	0	0	1	1	1	0	1	2	1	1	1	0	1	0	0	0	0	2	0	0	0	1	1	1	0	0	0	1	0	0	0	0	1	0	1	0	2	0	0	1	0	0	0	1
"355"	"X1"	81	0	0	0	0	0	0	0	0	0	0	2	0	1	0	1	0	1	1	0	1	0	0	1	0	0	1	1	1	1	0	0	1	0	0	0	1	0	2	0	0	0	0	0	2	0	1	1	0	0	0	2	0	1	0	0	0	0	0	0	0	1	0	0	0	1	1	0	0	0	0	2	0	0	0	0	0	0	0	2	0	0	1	0	1	0	0	1
"945"	"X1"	83	0	1	0	1	1	1	0	1	1	0	0	0	0	1	0	1	1	1	0	0	0	0	0	1	0	0	0	1	0	0	1	2	0	0	1	0	1	0	0	0	0	1	0	0	0	1	0	0	0	2	0	1	1	1	0	1	0	0	0	0	1	1	1	1	0	0	0	0	0	0	0	0	0	0	1	1	0	0	2	0	0	0	1	1	1	0	1
"362"	"X1"	69	0	0	0	0	0	0	0	1	0	0	1	0	0	1	1	0	1	0	1	0	1	1	0	0	0	2	0	2	0	1	0	0	2	0	2	1	2	0	2	0	0	1	0	2	0	1	1	0	1	1	1	2	0	1	0	0	0	0	0	0	1	0	1	0	1	0	0	0	0	1	0	0	1	0	0	0	0	0	2	0	0	2	0	0	0	1	0
"528"	"X1"	84	1	0	1	1	0	0	1	1	0	0	2	0	1	1	0	1	1	1	1	1	1	1	0	1	1	0	0	1	0	0	0	1	1	1	0	0	2	0	2	1	0	0	0	1	0	2	1	1	0	1	1	1	0	0	0	0	0	0	0	1	1	0	1	0	1	0	2	1	0	0	0	0	2	0	0	1	0	0	2	0	0	1	1	1	0	1	0
"543"	"X1"	61	0	0	1	0	1	0	2	1	0	0	1	1	1	1	0	1	2	0	1	0	2	0	0	1	0	0	0	0	0	0	1	1	0	0	1	0	0	0	0	1	2	1	0	1	0	0	0	1	0	1	1	1	1	0	2	1	0	0	1	0	0	0	2	0	0	0	0	2	0	0	0	0	2	0	1	0	0	0	2	0	0	2	1	0	0	0	0
"1033"	"X1"	83	0	1	0	2	0	0	0	0	0	0	1	0	1	0	1	2	2	0	1	1	0	0	1	1	1	0	1	0	1	0	2	1	1	0	0	0	1	2	1	1	0	0	0	0	0	1	0	0	0	2	1	0	0	1	0	1	0	0	1	0	1	0	0	1	1	0	1	0	0	0	1	0	1	0	0	0	0	1	1	0	0	0	0	0	0	0	1
"26"	"X1"	90	1	0	0	0	1	1	1	2	1	1	0	0	0	0	0	0	0	2	0	1	0	1	1	0	0	1	0	1	0	0	1	1	0	0	1	1	1	2	0	0	0	1	1	1	0	0	0	0	0	1	1	1	0	0	2	1	0	0	0	0	1	1	0	1	0	1	0	0	0	1	0	0	0	1	0	0	1	1	0	1	1	1	0	1	0	0	0
"659"	"X1"	78	0	0	0	0	0	0	0	1	2	1	0	2	0	2	1	0	1	1	0	0	0	0	0	1	1	1	0	1	0	0	2	1	1	0	1	0	2	0	1	1	1	0	0	1	0	1	0	0	0	2	0	2	0	1	0	0	0	0	0	0	2	0	0	1	1	0	2	1	0	0	0	0	0	0	0	0	0	0	1	1	0	2	0	0	0	0	1
"573"	"X1"	78	0	0	0	0	0	0	0	1	1	0	1	1	0	1	0	0	1	1	1	0	0	0	0	0	0	1	1	1	1	0	0	1	1	1	1	1	2	1	0	0	2	2	0	0	0	0	0	0	0	0	0	1	1	1	1	2	0	0	0	0	2	0	0	0	2	0	1	1	0	0	1	0	0	0	1	0	0	1	1	1	1	1	1	0	0	1	1
"447"	"X1"	90	1	2	0	0	0	0	0	0	0	0	1	1	0	0	1	1	2	0	1	0	1	1	0	1	1	0	0	0	0	0	1	1	1	0	1	1	0	1	1	0	0	0	0	1	1	1	0	0	0	0	1	1	0	2	0	0	0	0	0	0	1	1	0	0	0	1	0	0	0	0	0	0	1	0	0	1	0	0	0	0	0	1	1	0	0	1	0
"795"	"X1"	82	1	0	1	0	0	0	0	0	1	0	1	0	0	1	0	0	0	0	1	1	1	0	1	1	1	1	0	1	0	0	1	1	2	0	1	1	1	1	1	1	0	0	0	1	0	0	2	0	0	0	1	1	1	0	2	1	0	0	0	0	1	1	1	1	0	0	1	0	0	0	0	0	0	0	0	0	0	0	2	0	0	2	1	0	1	0	1
"642"	"X1"	89	0	0	0	1	0	1	1	2	2	1	0	0	1	2	1	0	1	0	1	0	0	0	0	0	0	0	0	0	0	0	0	0	0	0	1	1	0	1	0	1	0	1	1	0	0	1	0	1	0	0	1	2	0	1	0	0	2	0	0	0	0	0	1	0	0	0	0	0	1	0	0	0	1	0	0	0	0	0	1	1	1	0	1	0	0	0	2
"261"	"X1"	73	0	1	1	1	0	0	0	1	0	0	1	1	0	0	1	1	0	1	1	1	0	0	0	0	0	0	0	0	0	0	1	2	2	0	0	0	1	1	2	0	0	1	0	2	0	0	1	2	1	0	1	0	1	0	0	0	1	0	0	1	0	0	2	0	1	0	0	0	0	0	1	0	1	0	0	0	0	0	2	0	0	0	1	0	1	0	1
"815"	"X1"	72	1	1	0	0	0	0	1	2	0	1	0	1	0	0	0	1	0	0	0	0	0	0	0	1	0	0	1	0	0	1	0	2	1	0	1	0	2	1	0	1	1	1	1	1	0	0	0	0	1	1	0	0	1	1	2	1	0	1	0	1	1	0	1	0	2	0	2	1	0	0	0	0	1	0	2	0	0	0	1	0	0	1	2	0	0	0	2
"494"	"X1"	87	1	1	1	0	0	0	0	1	0	0	1	0	1	1	0	0	0	1	0	0	0	0	0	1	1	0	0	0	0	0	0	0	0	0	0	1	0	1	1	1	0	0	0	1	0	0	2	1	0	0	1	1	2	0	1	2	0	0	0	0	2	0	0	1	1	0	1	0	0	0	0	0	0	0	1	0	0	0	2	1	0	1	0	0	0	0	1
"1042"	"X1"	74	0	0	0	1	0	1	1	2	1	0	2	1	0	0	2	0	0	0	0	0	0	0	0	1	0	0	0	0	0	0	1	1	0	1	0	1	1	0	1	1	0	2	0	0	0	0	0	1	0	0	2	1	0	0	0	0	0	0	0	0	1	0	2	0	2	0	2	0	2	0	0	0	1	0	0	1	0	1	1	1	0	1	0	0	0	0	1
"67"	"X1"	78	1	1	0	1	1	0	1	2	1	0	0	2	1	0	0	1	1	0	1	1	0	0	1	2	0	0	2	0	1	0	2	0	1	0	0	2	2	1	0	0	0	1	0	2	0	1	1	1	1	0	1	0	1	0	2	0	0	0	0	1	0	0	1	0	1	0	1	0	0	0	0	1	1	1	0	0	0	1	1	1	0	0	2	1	0	1	1
"104"	"X1"	80	1	0	2	0	0	0	0	0	1	0	0	0	1	0	2	0	0	1	2	0	0	1	0	0	0	0	2	0	2	1	0	0	0	0	0	1	0	0	1	2	1	0	1	0	0	1	0	0	1	1	1	1	0	2	1	0	0	0	0	0	2	1	0	0	0	1	1	0	0	0	0	0	1	0	0	0	0	0	1	0	0	2	1	2	0	1	2
"917"	"X1"	88	0	1	0	2	0	0	1	1	0	0	1	0	0	0	0	0	0	2	1	0	0	0	0	1	0	0	1	0	1	1	1	1	1	0	2	1	1	2	0	1	1	2	1	0	0	1	2	1	0	2	1	1	0	0	2	0	0	0	0	1	0	0	1	0	1	0	1	0	1	0	0	0	1	0	1	0	0	0	2	0	0	1	0	0	1	0	1
"1087"	"X1"	84	1	0	1	0	0	0	0	1	0	0	1	1	1	2	0	1	1	0	2	0	1	1	0	1	1	2	0	2	0	0	1	1	0	1	1	1	0	0	0	2	0	1	1	0	0	0	0	1	1	0	0	2	0	1	1	1	0	1	0	0	1	0	1	0	0	0	0	0	0	0	0	0	0	0	0	0	0	0	1	0	0	1	2	1	0	0	1
"1085"	"X1"	70	0	2	0	2	0	0	1	1	0	0	2	1	0	0	0	1	0	0	2	1	0	0	0	0	0	1	0	1	0	0	1	1	0	0	1	0	0	1	0	1	0	0	0	0	0	2	0	2	0	1	2	0	1	0	0	1	0	1	0	1	0	0	0	0	1	0	0	0	0	0	2	0	0	0	1	0	0	2	1	0	0	0	0	1	1	1	1
"702"	"X1"	65	1	1	1	0	0	0	0	0	0	1	2	0	1	0	0	1	0	1	2	0	0	0	0	1	0	0	0	0	0	0	1	1	1	0	1	0	2	1	1	0	1	1	0	1	0	1	1	0	1	0	2	0	0	0	0	0	0	0	0	0	0	0	2	1	0	0	0	0	1	1	0	0	1	0	1	0	0	0	1	0	0	0	0	1	0	0	1
"392"	"X1"	75	0	0	1	1	0	1	0	2	0	0	2	0	1	0	0	1	2	0	1	0	0	1	0	0	0	0	0	0	0	0	1	2	1	0	0	1	1	1	1	1	0	2	0	1	0	1	1	1	1	0	2	0	1	0	1	1	0	0	0	0	2	0	0	1	1	0	2	0	1	0	0	0	1	0	0	0	1	0	2	0	0	2	0	0	0	0	0
"371"	"X1"	89	0	0	1	0	0	0	0	1	0	0	2	1	0	1	0	1	2	0	1	0	1	0	0	0	1	0	0	0	0	0	1	1	0	0	0	1	1	2	1	1	0	1	0	1	0	1	2	1	0	1	0	2	1	1	0	0	0	0	0	0	0	1	0	1	0	0	0	0	1	0	0	0	2	0	1	0	1	0	2	0	1	0	1	1	2	0	1
"215"	"X1"	79	1	1	0	0	0	0	1	2	0	0	2	0	0	1	1	0	0	1	2	1	0	0	1	1	0	0	1	0	1	0	0	1	0	1	1	1	1	0	1	0	0	2	0	0	0	1	0	0	1	1	1	2	0	0	1	0	1	0	0	1	1	1	0	1	0	0	1	0	0	1	0	0	0	0	0	0	0	1	1	1	0	0	1	1	1	0	0
"290"	"X1"	84	0	0	0	0	0	0	0	0	0	0	0	1	0	2	1	0	0	1	0	2	1	0	1	2	1	0	0	0	0	0	1	1	0	2	1	1	1	2	1	1	0	2	0	1	1	0	0	2	0	0	2	0	0	0	1	0	1	0	0	1	1	1	2	0	0	0	0	0	0	1	0	0	0	0	1	0	0	0	0	1	1	0	1	0	0	0	1
"224"	"X1"	73	0	0	1	0	0	0	0	0	1	1	1	1	0	0	0	1	1	1	1	0	2	1	0	1	0	1	0	0	0	0	1	1	1	0	0	0	1	1	1	0	0	0	0	0	0	2	1	1	0	2	2	1	0	2	0	0	0	1	0	1	1	0	1	1	1	0	1	2	0	0	0	0	1	0	2	0	1	0	1	0	0	1	1	0	0	0	1
"800"	"X1"	69	1	0	1	0	0	0	0	0	0	0	0	0	2	1	1	0	1	1	2	0	0	0	0	1	1	1	0	1	0	0	1	1	1	0	1	0	1	0	0	0	1	1	0	0	0	1	0	1	0	1	1	1	0	0	1	1	0	0	0	0	1	0	0	0	1	1	0	0	0	0	0	0	1	0	0	0	0	0	1	0	0	0	1	0	1	0	2
"918"	"X1"	90	1	2	0	1	0	0	0	1	0	1	0	1	0	0	0	0	0	2	0	1	0	0	1	1	0	2	0	2	0	0	0	1	0	0	2	1	0	2	1	2	0	2	1	0	0	1	0	1	0	1	2	2	1	0	2	0	0	0	0	1	1	0	1	1	0	0	1	0	0	0	0	0	0	0	0	0	0	0	1	1	0	0	1	1	1	0	1
"406"	"X1"	90	0	2	0	0	0	0	0	0	0	0	2	0	1	1	1	1	2	1	2	0	1	2	0	1	1	1	0	0	0	0	1	0	0	0	0	0	1	0	1	2	0	2	0	0	0	0	1	0	0	1	2	1	1	0	1	0	0	0	0	0	1	0	0	1	0	0	2	1	0	0	0	0	2	0	1	0	1	0	2	1	0	2	1	1	0	1	0
"514"	"X1"	59	1	0	0	1	0	0	0	1	0	0	2	0	1	1	1	0	1	2	2	0	2	2	0	2	2	0	0	0	0	0	2	1	1	1	1	1	0	1	0	1	0	0	0	0	0	2	2	0	0	1	2	0	0	1	1	1	0	0	0	0	1	0	0	1	1	0	2	0	1	0	0	0	0	0	0	0	1	0	1	0	0	0	0	0	1	0	0
"711"	"X1"	81	0	0	1	0	0	0	0	0	0	0	1	1	0	1	0	0	0	1	1	0	0	1	0	0	0	0	0	0	0	0	1	1	0	0	0	0	0	1	2	1	0	1	0	1	0	0	1	1	0	1	0	0	0	1	2	0	0	0	1	1	1	0	1	0	1	0	1	0	0	0	0	0	1	0	0	1	0	0	1	0	1	1	0	1	2	0	2
"675"	"X1"	69	0	0	0	1	0	0	0	1	0	1	1	0	1	0	0	1	0	1	1	0	1	0	0	0	0	1	0	0	0	0	2	1	0	0	2	2	1	0	1	1	0	1	1	0	0	1	0	1	0	2	0	0	0	2	2	0	0	0	0	0	0	0	0	2	0	0	2	0	0	1	0	0	1	0	2	0	1	0	0	0	0	2	1	1	1	1	0
"208"	"X1"	84	0	1	0	0	0	1	0	0	0	0	0	1	0	0	0	1	2	0	1	0	1	0	0	0	0	0	0	0	0	0	1	2	0	0	1	2	0	1	0	0	0	2	0	0	0	0	0	0	0	2	0	1	1	2	1	1	0	0	0	1	1	2	0	0	2	0	1	0	0	0	0	0	0	0	1	1	0	0	1	0	0	2	1	0	0	0	2
"792"	"X1"	76	1	1	0	1	0	0	0	1	0	0	2	0	1	0	0	1	1	0	2	0	2	2	0	0	0	0	1	0	1	0	1	0	1	0	1	1	1	2	0	0	1	0	1	0	0	1	1	0	0	0	1	2	0	1	1	0	1	0	0	0	0	1	1	1	0	0	1	0	0	0	0	0	1	0	0	0	0	0	1	0	0	1	1	2	0	0	1
"969"	"X1"	85	1	1	0	2	0	0	0	1	2	0	1	0	1	0	0	0	0	0	2	0	0	1	0	1	0	1	1	1	1	2	0	0	2	0	0	1	0	1	1	1	0	0	0	0	0	1	0	0	0	1	1	0	1	1	2	1	0	0	1	1	1	0	1	0	0	1	0	1	0	0	0	0	1	0	1	0	0	0	0	0	0	0	0	0	1	0	0
"492"	"X1"	90	0	1	0	1	0	0	0	1	0	0	2	1	0	0	0	0	2	0	2	0	1	0	0	0	0	0	0	0	0	1	1	1	1	0	1	1	0	0	1	1	1	1	0	1	0	1	0	0	0	0	2	2	0	1	2	1	0	0	0	0	1	0	0	0	1	0	1	0	0	0	0	0	0	0	0	0	0	1	1	1	0	1	0	1	0	0	0
"161"	"X1"	79	0	1	0	0	0	0	1	0	0	0	2	0	0	1	0	0	1	1	0	0	1	0	0	1	1	1	0	0	0	0	2	0	1	0	1	0	1	1	2	0	1	2	0	1	0	0	0	1	0	1	0	0	0	0	2	1	0	1	0	0	1	0	0	0	2	0	1	1	0	0	0	0	0	0	1	0	1	0	2	0	0	1	1	1	1	0	2
"29"	"X1"	73	1	0	0	0	1	2	0	2	0	0	2	0	2	2	0	0	2	1	2	0	1	1	0	2	2	1	1	1	1	0	2	2	0	1	1	0	2	2	1	0	1	0	1	1	0	1	1	0	0	2	1	0	2	2	1	0	1	0	1	1	0	0	1	0	1	0	1	0	1	1	0	0	1	0	0	1	0	2	0	1	0	1	1	0	1	0	1
"339"	"X1"	87	1	1	1	0	0	1	0	0	1	1	1	1	1	1	0	1	1	0	1	0	1	0	0	1	0	1	1	1	0	0	2	2	1	0	1	1	0	1	1	2	0	1	0	2	0	1	0	2	1	1	0	1	0	0	1	0	1	0	0	0	1	0	0	1	0	0	1	0	0	0	0	0	0	0	0	1	0	0	0	0	1	1	2	2	0	0	2
"732"	"X1"	88	1	1	0	0	0	1	0	0	0	0	0	0	1	0	0	1	0	0	1	0	1	1	0	1	1	2	0	1	0	0	1	1	1	0	0	0	0	1	0	0	0	1	0	0	0	1	1	0	0	2	0	1	1	2	2	1	0	0	0	0	0	1	0	0	0	0	0	0	0	1	0	0	1	0	0	1	1	0	0	0	0	2	1	1	1	0	1
"882"	"X1"	89	0	0	1	0	0	0	1	1	2	0	0	2	1	1	2	0	0	1	1	2	1	0	0	1	0	0	1	0	1	1	1	1	1	0	2	1	0	1	1	0	0	0	0	0	0	1	0	1	0	0	1	2	1	0	2	2	0	1	0	2	0	0	1	0	1	0	1	0	0	1	0	0	1	0	0	0	0	0	0	1	0	1	1	0	0	0	1
"962"	"X1"	68	0	0	1	1	0	2	0	2	0	1	1	0	0	0	0	0	1	2	1	1	1	0	0	0	0	1	1	0	1	1	0	2	2	0	0	2	1	1	0	1	0	1	1	1	0	0	0	0	1	1	0	2	1	0	1	1	0	0	0	0	1	0	0	2	0	0	1	0	1	1	0	0	0	0	1	0	0	0	1	0	0	0	2	2	0	0	0
"7"	"X1"	55	0	0	1	1	0	1	1	1	1	0	1	0	0	0	1	2	0	0	2	1	0	0	1	0	0	0	0	1	0	1	1	2	0	0	2	0	0	1	0	1	0	1	1	0	0	0	0	1	0	1	0	0	1	1	1	1	0	1	0	0	1	0	0	2	0	0	0	0	1	1	0	0	1	0	0	0	0	1	1	0	1	0	0	0	0	0	1
"38"	"X1"	75	1	0	0	0	0	2	0	2	0	0	1	0	1	1	0	1	1	2	0	0	0	0	0	2	1	0	0	1	0	0	2	0	0	1	2	1	0	1	1	1	0	1	1	0	0	1	0	0	0	0	0	1	0	0	1	1	0	0	0	0	2	0	0	0	0	2	0	0	0	1	0	0	1	0	0	1	1	1	0	1	0	1	1	1	1	0	0
"944"	"X1"	77	0	1	0	0	1	0	2	2	0	0	1	0	0	0	0	0	1	2	0	2	0	1	1	1	1	1	0	1	0	0	2	1	1	0	0	2	1	0	1	1	0	0	1	1	1	1	0	0	0	2	0	1	0	1	0	1	0	0	0	0	2	0	1	1	0	0	1	0	0	0	0	0	0	0	0	0	0	1	1	0	0	1	1	1	0	0	0
"453"	"X1"	90	1	0	0	2	0	0	0	0	1	0	2	1	1	0	0	1	2	0	0	1	1	0	1	1	1	0	0	0	0	0	2	2	1	0	1	0	0	1	2	1	0	1	1	1	0	1	1	1	0	2	2	1	1	0	1	1	1	1	0	1	1	0	0	0	1	0	1	1	0	0	0	0	0	0	1	0	0	0	0	0	0	1	2	2	1	0	1
"480"	"X1"	57	0	0	1	0	0	0	0	0	1	0	0	0	0	0	0	1	1	0	0	1	0	0	1	1	0	0	0	0	0	0	1	0	0	0	0	1	0	0	0	0	0	0	0	1	0	0	0	1	0	0	0	0	1	1	1	0	0	0	0	0	1	0	1	1	0	0	0	0	0	1	0	0	1	0	0	1	0	0	1	1	0	0	0	0	0	0	1
"550"	"X1"	74	1	0	1	1	0	0	0	1	0	0	1	0	1	0	0	0	0	1	2	1	1	1	0	1	1	1	1	0	1	0	0	0	2	0	0	1	1	1	0	1	0	1	1	0	0	0	0	1	2	1	2	1	0	0	1	0	0	0	0	0	2	0	0	1	0	1	1	0	0	0	0	0	1	0	0	1	0	2	0	0	0	1	1	0	1	0	1
"763"	"X1"	89	1	1	0	0	0	1	0	1	0	0	2	1	0	1	1	0	0	1	1	0	0	0	0	2	1	0	0	0	0	0	0	0	0	0	1	0	1	1	0	1	0	1	0	0	0	1	1	1	0	1	0	1	1	2	0	1	0	1	0	1	1	0	1	1	1	0	1	1	0	0	0	0	2	0	1	0	1	0	0	0	0	1	2	1	1	0	0
"456"	"X1"	65	0	0	1	0	0	1	1	2	1	1	0	0	1	1	0	1	0	0	1	0	1	0	0	0	0	0	1	1	0	0	1	0	1	0	1	0	0	0	1	0	1	0	0	0	0	0	0	0	0	0	0	1	2	1	0	1	1	1	0	1	1	0	0	0	1	0	1	0	0	0	0	1	0	0	0	0	0	0	1	0	0	1	0	1	1	0	1
"88"	"X1"	73	0	1	1	0	0	1	0	1	0	0	1	0	0	2	1	0	1	0	0	1	2	0	0	2	0	1	0	2	0	0	2	1	1	0	1	1	1	0	0	1	0	1	0	0	0	1	0	0	1	1	0	1	1	0	2	0	0	0	0	0	1	1	1	0	1	0	1	1	0	0	0	0	1	1	0	0	0	0	2	0	0	0	1	0	2	0	2
"886"	"X1"	90	1	0	1	0	0	1	0	1	0	0	1	0	1	0	0	1	1	1	1	0	1	0	0	1	1	0	1	0	1	1	0	1	2	0	0	2	1	1	1	1	0	1	1	2	0	1	0	0	1	1	2	1	0	1	1	0	0	0	0	1	1	1	0	2	0	0	1	0	0	0	0	0	1	0	0	1	1	0	0	0	0	0	1	1	2	1	0
"124"	"X1"	86	0	0	1	1	0	0	0	1	0	0	1	1	0	1	0	0	0	0	2	0	1	0	0	1	0	2	0	2	0	0	0	0	1	0	0	1	0	0	1	0	0	0	1	1	0	1	0	0	0	1	2	0	1	1	1	1	0	0	0	1	0	1	1	0	1	0	1	0	0	0	0	0	1	0	0	1	0	0	2	0	0	2	1	0	0	0	1
"112"	"X1"	80	0	0	0	1	0	0	0	2	1	0	1	0	0	0	0	1	0	0	0	0	2	1	0	0	0	0	0	1	0	0	2	2	0	0	1	1	1	0	1	0	0	0	0	1	0	1	0	0	0	1	1	0	0	1	1	0	0	0	0	1	1	0	0	0	1	0	1	0	1	1	0	0	2	0	0	0	0	0	2	0	0	0	0	0	1	0	0
"50"	"X1"	90	1	1	0	0	0	0	0	1	0	0	2	0	1	0	1	1	2	0	1	0	1	1	0	0	0	1	1	1	1	0	1	0	2	0	0	1	1	2	0	0	1	0	0	2	1	0	1	1	0	2	1	1	1	1	1	0	1	0	0	1	0	0	0	0	1	1	1	0	0	0	0	0	2	0	0	1	1	0	1	1	0	1	1	1	0	0	0
"502"	"X1"	82	0	1	0	0	0	1	1	1	0	0	1	0	1	0	0	1	2	0	0	1	0	0	1	2	1	0	0	0	0	0	1	1	2	0	0	2	0	2	0	1	2	2	0	0	0	1	0	0	0	1	2	1	0	1	1	1	1	0	0	1	0	1	1	1	1	0	2	0	0	0	0	0	2	0	1	1	0	0	1	0	0	1	1	1	0	0	0
"975"	"X1"	87	0	0	0	0	0	1	0	1	0	0	1	0	1	0	1	0	0	0	1	0	0	0	0	1	1	0	0	1	0	0	2	1	2	0	1	1	1	2	1	0	0	0	0	1	0	0	2	0	0	0	0	0	0	0	1	0	0	0	0	0	0	0	0	0	2	0	1	0	0	0	1	0	1	0	2	0	1	0	2	0	0	1	0	0	1	1	1
"62"	"X1"	86	0	0	2	0	0	0	0	1	1	0	2	1	0	1	1	0	1	1	1	0	1	1	0	0	0	0	0	0	0	0	1	0	1	0	1	1	1	0	0	0	0	1	1	0	0	0	0	0	1	1	0	1	0	0	1	0	0	0	0	1	0	0	0	1	1	0	1	1	0	1	0	0	2	0	1	0	0	2	1	1	0	1	0	1	0	0	2
"564"	"X1"	68	0	0	2	1	0	1	0	1	1	1	0	0	1	0	0	1	0	0	1	1	1	0	1	0	0	0	1	1	1	0	2	2	1	0	0	1	1	0	1	1	1	1	1	1	0	0	0	0	0	0	1	1	1	1	0	0	0	0	0	0	0	0	2	1	0	0	0	1	1	0	0	0	1	0	1	0	1	0	1	1	0	0	0	0	1	0	0
"661"	"X1"	74	0	0	2	0	0	0	0	0	0	0	1	0	1	0	0	0	1	1	1	0	1	1	0	0	0	1	0	0	1	0	2	1	0	0	1	0	0	0	0	0	0	2	0	0	0	2	0	1	0	0	1	1	0	1	1	2	0	1	0	1	1	0	1	0	0	1	0	0	0	1	0	0	1	0	1	0	0	0	1	0	0	1	2	0	2	0	0
"843"	"X1"	80	1	0	1	1	0	0	0	2	0	0	0	0	1	0	1	0	1	0	1	0	2	1	0	0	0	1	0	1	0	0	1	1	1	0	0	1	2	0	1	1	0	0	1	0	0	1	2	1	0	1	1	2	0	1	0	1	0	0	0	0	1	0	0	0	2	0	1	1	0	0	1	0	0	0	1	0	0	0	1	0	0	1	1	0	0	0	1
"149"	"X1"	80	0	1	1	1	0	0	0	0	1	0	2	1	0	1	0	1	1	0	1	0	1	0	0	1	1	0	0	0	0	0	0	1	1	0	0	0	1	0	2	0	0	0	0	0	0	1	0	0	0	2	0	1	0	2	0	0	1	0	0	1	1	0	2	0	1	0	1	0	0	0	0	0	1	0	0	1	0	0	0	0	0	0	1	1	1	0	0
"278"	"X1"	87	1	0	1	0	0	1	0	2	0	0	0	2	0	1	0	0	2	0	1	0	0	0	0	0	0	0	1	0	1	1	1	2	0	0	2	1	1	1	1	1	0	1	1	0	0	1	1	1	0	2	1	2	0	0	0	0	0	0	0	0	0	0	1	0	0	0	0	0	0	0	1	0	0	0	0	0	0	1	1	0	0	1	1	1	1	0	0
"1068"	"X1"	89	1	0	0	1	0	0	1	1	1	1	0	1	1	0	0	0	2	1	1	0	1	0	1	0	0	1	1	1	1	0	1	1	0	0	1	1	0	0	0	2	1	1	0	1	0	1	0	1	0	1	2	1	1	0	1	0	1	0	0	0	1	0	0	0	2	0	0	1	0	0	0	0	0	0	2	0	0	1	1	1	1	0	0	0	1	0	1
"365"	"X1"	86	0	0	0	0	0	1	0	1	0	0	1	0	1	1	0	1	0	0	1	0	0	1	0	0	0	0	1	0	1	0	1	0	0	0	0	0	0	0	2	2	0	0	0	0	0	2	1	1	1	1	1	1	1	1	1	0	1	0	0	0	1	1	0	2	0	0	1	0	1	0	0	0	2	0	0	0	0	0	1	0	0	2	0	1	0	0	1
"349"	"X1"	75	1	0	0	0	0	0	0	0	1	0	0	0	0	0	0	1	1	0	0	1	0	0	1	0	0	0	0	0	1	0	2	2	0	1	2	2	1	1	0	1	1	1	2	1	1	1	1	0	0	0	1	1	0	1	0	2	0	0	1	1	0	0	1	0	1	0	1	0	0	1	0	0	0	1	0	0	1	0	1	0	1	0	0	0	0	0	1
"1002"	"X1"	84	0	0	0	0	0	0	1	0	1	0	1	2	0	1	0	0	0	1	2	1	1	1	0	0	0	1	0	1	0	1	1	1	0	0	0	1	1	0	0	1	0	1	1	0	0	0	1	1	0	1	1	1	2	0	1	1	0	0	0	2	0	0	0	1	1	0	1	0	0	0	1	0	1	0	1	0	0	0	2	0	0	1	1	0	1	0	2
"374"	"X1"	76	0	0	0	0	0	1	1	2	1	0	0	1	1	1	1	0	1	0	0	1	1	0	0	1	1	0	0	0	0	0	1	2	1	0	1	1	2	1	0	0	0	1	0	0	0	0	0	0	0	0	2	0	1	1	0	0	0	0	0	1	1	0	1	0	1	1	1	0	0	0	0	0	1	0	0	1	0	0	2	0	0	1	0	1	0	0	1
"195"	"X1"	82	1	2	0	0	0	1	0	0	0	0	0	0	0	0	0	2	0	0	1	1	0	1	0	1	1	1	0	1	0	0	0	0	2	0	1	1	2	0	1	0	0	0	0	1	0	0	0	1	1	2	2	1	1	0	0	0	1	0	0	0	0	0	0	1	1	0	2	0	1	0	0	0	1	0	1	0	0	1	1	0	0	0	1	1	2	1	0
"845"	"X1"	88	1	1	1	1	1	0	1	1	0	0	2	1	0	2	0	1	0	0	1	0	0	0	0	1	1	0	1	0	1	0	2	0	0	1	1	1	0	2	0	1	0	1	1	0	0	1	2	2	0	1	1	2	1	0	2	1	0	1	0	0	1	2	0	1	1	0	1	0	0	0	0	0	1	0	0	1	0	0	1	0	0	1	1	1	1	0	1
"309"	"X1"	78	0	0	0	0	0	0	0	1	0	1	0	1	1	0	0	1	2	0	1	0	1	0	0	0	0	0	1	0	1	0	2	2	1	0	1	2	0	1	1	0	0	2	0	1	0	1	1	0	0	1	2	1	0	1	1	1	0	0	1	0	0	0	0	0	2	0	1	0	1	0	0	0	1	0	0	1	0	0	2	0	0	1	2	2	1	0	0
"102"	"X1"	87	0	1	0	0	0	0	0	0	0	0	1	0	0	1	0	1	2	0	0	0	0	0	0	1	2	0	1	1	1	1	2	0	1	1	1	2	2	0	2	0	0	1	1	1	0	2	1	0	0	1	0	2	0	2	2	1	0	0	0	0	1	0	1	1	0	1	0	2	0	0	0	0	2	0	0	0	0	0	2	0	0	2	1	0	1	0	0
"285"	"X1"	90	1	0	0	1	0	0	0	0	1	1	0	0	1	0	2	0	1	0	0	1	0	0	1	0	0	0	1	1	1	0	2	2	0	0	1	1	0	0	1	0	0	1	1	1	0	0	1	0	2	1	1	1	1	1	1	0	0	0	0	0	1	0	0	0	0	0	0	0	0	0	0	0	0	0	1	0	0	0	1	0	1	1	1	1	0	0	0
"34"	"X1"	90	1	0	0	0	0	0	1	0	0	1	1	0	1	1	1	0	2	1	1	0	0	0	0	1	1	0	1	0	1	0	2	1	0	0	2	0	1	1	0	1	0	0	1	0	0	1	0	0	0	0	0	1	1	0	1	1	0	0	1	1	0	0	0	0	0	1	0	1	0	0	0	0	1	0	0	1	0	0	1	1	0	0	0	0	1	0	0
"861"	"X1"	82	0	1	0	1	0	0	0	2	1	1	0	0	0	1	1	1	1	0	1	0	1	0	0	0	0	0	1	0	1	0	1	0	0	0	0	0	1	1	0	1	0	0	1	1	0	1	1	2	0	0	1	2	0	1	1	1	0	0	0	0	0	0	1	0	0	1	0	1	0	0	0	0	2	1	1	0	0	0	1	0	0	1	1	1	1	0	0
"1092"	"X1"	73	0	1	0	0	0	0	0	1	0	0	1	0	1	2	0	2	2	0	2	0	2	0	0	1	0	0	1	1	1	1	1	0	0	1	1	1	0	0	1	2	1	1	0	1	0	0	1	0	1	1	2	1	1	0	1	1	1	0	0	0	0	1	1	0	0	0	0	0	0	0	0	1	0	0	0	0	0	0	2	0	0	2	2	0	1	0	0
"473"	"X1"	90	1	0	0	1	0	0	0	1	0	0	1	1	0	1	0	1	1	0	1	0	2	0	0	1	0	0	0	1	0	0	2	2	0	1	2	1	0	1	1	1	0	2	1	0	0	1	1	0	1	2	0	1	1	1	1	0	0	0	0	0	2	0	1	0	1	0	0	0	0	0	0	1	0	0	2	0	0	1	0	0	0	1	1	2	0	1	0
"1053"	"X1"	64	0	0	1	0	0	0	0	1	0	0	0	0	0	1	0	0	1	2	1	1	1	0	1	0	0	2	0	2	0	0	2	2	0	0	0	1	1	0	1	0	0	0	0	1	0	0	0	1	0	2	0	0	0	2	1	0	0	0	0	0	1	0	1	0	1	0	1	1	0	1	0	0	0	0	1	1	0	0	1	0	0	1	1	1	1	0	1
"325"	"X1"	87	1	2	0	0	0	0	0	0	2	0	0	2	0	1	0	1	1	1	1	0	0	0	0	1	1	0	0	0	0	0	0	0	1	0	0	1	1	0	1	0	0	2	0	0	1	0	2	0	0	1	1	1	1	1	1	1	0	1	0	0	2	1	1	0	1	0	1	1	0	0	0	0	0	0	1	1	0	0	1	0	0	2	0	0	0	0	2
"39"	"X1"	69	0	0	1	1	0	0	2	1	1	0	2	0	0	0	1	0	1	0	1	0	0	0	0	1	1	0	1	0	0	0	0	1	1	0	1	0	2	0	0	1	0	1	0	0	0	0	1	0	0	1	1	2	0	1	1	0	0	0	0	0	1	0	0	0	1	0	1	1	0	0	0	0	0	0	0	2	0	0	1	1	0	1	2	1	0	0	0
"715"	"X1"	83	0	0	0	0	0	0	1	0	0	0	1	1	1	1	1	0	1	2	1	0	0	0	0	1	0	1	1	1	1	0	1	1	1	0	0	0	0	1	1	0	0	1	1	1	0	0	0	1	0	1	0	1	0	1	2	0	0	0	0	0	0	1	2	0	1	0	1	0	1	1	0	1	0	0	0	0	1	0	2	0	0	0	1	1	0	0	0
"277"	"X1"	56	1	0	0	0	0	0	0	0	1	0	1	1	0	0	1	0	1	0	2	0	0	0	0	2	1	0	0	0	0	0	0	0	0	0	2	1	2	1	1	0	0	0	0	1	0	1	1	0	0	1	1	1	0	1	2	0	1	0	0	1	1	0	1	1	0	0	1	0	1	0	0	0	1	0	1	0	0	0	2	0	1	0	0	0	2	0	0
"1010"	"X1"	85	0	1	0	0	0	0	1	1	1	0	1	0	2	0	0	0	2	0	1	0	0	1	1	2	1	1	1	1	1	0	1	2	0	0	1	1	2	0	1	1	0	1	1	0	0	0	0	1	1	1	1	0	0	1	0	1	0	0	0	0	1	0	1	1	0	0	1	0	1	1	0	0	0	0	1	1	0	0	0	0	0	0	0	0	2	0	0
"1075"	"X1"	74	1	1	1	0	0	2	0	1	0	0	1	2	1	0	0	0	1	1	1	0	1	0	0	2	1	0	0	0	1	0	0	0	1	0	0	0	1	2	1	0	0	0	0	1	0	0	1	0	0	0	1	2	1	1	2	1	0	1	0	0	2	0	0	0	1	0	1	1	0	0	0	0	0	0	0	0	0	0	2	1	0	1	0	1	1	0	0
"387"	"X1"	88	1	1	2	0	1	1	0	1	0	0	1	2	1	0	1	0	1	2	1	0	0	0	0	0	0	1	0	1	0	0	1	1	0	0	1	0	1	1	2	2	1	0	1	0	0	1	0	0	0	0	2	0	0	1	1	0	0	0	0	0	1	0	0	2	0	0	2	0	0	0	0	0	1	0	2	0	2	0	2	1	0	2	0	1	1	0	1
"927"	"X1"	80	0	0	0	1	0	0	0	0	1	0	2	0	0	0	0	1	0	0	1	0	2	0	0	1	1	1	0	1	0	0	1	1	2	0	1	0	1	0	0	0	0	0	0	0	0	0	1	0	0	1	0	2	0	1	1	1	1	1	0	1	0	1	1	0	1	0	1	0	0	0	0	0	1	0	0	0	1	0	0	0	0	1	2	0	0	0	1
"921"	"X1"	81	1	1	0	0	0	0	2	2	1	0	0	0	1	1	0	0	1	0	1	0	0	0	0	1	0	1	1	1	1	0	2	1	2	0	0	1	1	2	1	1	0	1	0	0	0	1	1	0	0	1	1	0	0	2	1	0	0	0	0	0	0	0	0	0	2	0	1	0	1	1	0	0	0	0	0	2	0	0	1	1	0	0	1	1	0	0	0
"9"	"X1"	64	0	0	1	2	0	1	0	1	0	0	0	1	1	0	1	0	2	0	2	1	0	0	0	0	1	0	0	0	0	0	0	0	1	0	0	0	1	0	0	0	1	1	1	0	0	0	0	0	0	0	2	1	0	0	0	0	1	0	0	1	0	0	1	0	1	0	1	0	1	0	0	0	1	0	1	0	0	0	1	0	0	1	0	0	1	0	0
"108"	"X1"	90	0	1	1	1	0	1	0	0	0	0	2	0	1	0	0	0	2	0	0	1	0	0	1	0	0	2	0	2	0	0	2	2	0	1	1	0	1	1	2	0	1	0	0	1	0	1	0	0	1	1	0	1	0	1	0	0	0	1	0	1	1	0	1	0	1	0	1	1	0	0	0	0	0	0	1	0	0	0	1	0	0	1	1	1	0	0	1
"497"	"X1"	75	0	1	0	0	0	0	0	0	0	0	0	0	0	0	0	1	1	0	0	0	0	0	0	1	0	0	0	0	0	0	1	0	1	0	0	0	1	0	0	1	0	0	0	1	0	0	1	2	1	0	2	0	1	1	2	0	1	0	1	0	1	0	0	0	1	1	0	0	0	0	0	0	1	0	0	1	1	0	1	0	1	1	1	0	0	0	0
"197"	"X1"	70	0	2	0	0	1	0	1	1	1	0	1	0	0	2	0	1	0	1	2	0	2	2	0	2	1	0	0	1	0	0	0	1	0	0	0	0	1	1	1	0	0	0	0	1	0	1	0	0	1	0	2	0	0	0	0	0	1	0	0	0	1	1	2	0	0	0	1	0	1	0	0	0	1	0	0	0	0	1	0	1	0	0	0	1	0	0	1
"1007"	"X1"	72	0	0	1	1	0	0	0	0	0	0	0	1	1	1	0	0	0	1	1	1	0	0	1	0	0	0	1	0	0	0	2	2	0	0	2	1	1	1	1	0	0	1	0	2	0	0	0	0	1	2	1	0	0	1	1	1	0	0	2	0	0	0	0	0	2	0	0	0	0	0	0	0	0	0	0	0	0	0	2	0	0	1	0	0	0	0	1
"443"	"X1"	74	0	1	0	0	0	1	0	1	0	0	1	0	0	2	1	0	0	1	1	0	1	1	0	0	1	0	0	1	0	0	2	1	2	0	1	0	1	0	1	0	0	0	0	1	0	1	1	0	0	2	1	2	1	1	2	1	0	1	0	1	1	0	1	0	1	0	1	1	0	0	0	0	0	0	1	0	0	0	1	0	0	0	2	2	2	0	0
"841"	"X1"	71	0	0	0	0	0	1	0	1	0	0	2	1	0	0	1	0	2	0	1	0	1	1	0	1	1	1	0	1	0	0	1	1	0	2	2	0	0	0	0	1	1	1	0	0	0	1	1	2	0	1	0	0	1	0	1	0	0	1	0	0	1	0	0	0	2	0	2	2	0	0	0	0	0	0	1	0	0	0	0	0	0	0	1	1	0	0	0
"206"	"X2"	83	0	0	0	1	0	0	0	0	0	0	2	1	1	0	1	0	0	1	1	2	0	0	2	1	0	0	0	2	0	0	2	2	2	0	0	0	0	0	1	0	0	0	0	0	0	0	0	1	0	0	1	0	0	1	1	0	0	0	0	0	1	1	0	2	0	0	1	0	0	0	0	0	1	0	1	0	1	0	1	0	0	1	0	0	0	1	0
"685"	"X2"	80	1	0	1	0	0	0	0	0	1	0	2	0	0	0	1	1	0	0	1	1	0	0	0	0	0	0	0	0	0	0	1	0	1	0	1	2	1	0	2	1	0	0	0	1	0	1	2	0	0	1	0	0	0	1	1	0	0	0	0	0	1	0	1	1	0	0	1	1	0	0	0	0	1	0	0	1	0	0	1	0	0	2	2	0	1	0	1
"510"	"X2"	86	1	1	0	1	0	0	0	0	1	0	1	0	1	2	1	1	2	0	2	0	1	1	0	1	0	1	0	1	0	0	1	0	0	1	1	1	0	0	0	1	0	1	0	1	0	0	0	1	0	2	2	1	1	0	0	2	0	0	0	0	2	1	0	1	0	1	0	0	0	0	0	1	0	0	1	0	0	0	1	1	0	1	0	2	0	0	1
"784"	"X2"	90	1	0	1	0	0	0	2	1	0	0	0	1	1	0	0	0	0	0	1	1	0	1	1	0	0	0	0	0	0	0	2	2	0	0	2	1	1	1	2	0	1	1	1	1	1	1	1	1	0	2	2	2	1	1	0	0	0	0	0	1	1	0	1	0	1	0	1	0	1	1	1	0	0	0	0	0	1	0	2	0	0	0	1	1	1	0	2
"187"	"X2"	86	1	0	1	0	0	0	0	0	0	0	2	0	1	0	1	0	0	1	1	0	1	0	0	0	0	1	0	1	0	0	0	0	1	0	1	2	1	2	1	1	0	2	1	0	0	1	2	2	0	1	1	2	1	0	2	0	1	0	0	0	0	0	1	0	0	0	0	0	0	1	0	0	1	0	0	1	0	1	1	0	0	0	0	0	1	1	0
"864"	"X2"	87	0	1	0	0	0	1	0	2	1	0	0	1	2	0	1	0	1	0	1	2	0	0	1	0	1	0	1	0	1	0	2	1	0	0	0	0	0	2	1	1	0	1	0	0	0	0	0	0	1	1	1	0	0	0	0	0	0	0	0	1	1	0	1	0	0	0	0	0	0	1	0	0	0	0	1	1	0	0	2	0	0	1	1	0	2	0	0
"733"	"X2"	83	0	0	1	0	0	0	0	0	1	0	0	1	1	1	1	0	0	1	1	0	0	0	0	0	0	0	1	0	0	0	2	1	0	0	1	1	1	1	1	1	1	0	1	1	0	1	0	0	1	2	0	0	1	0	1	0	0	0	1	0	0	1	1	1	1	0	1	0	0	1	0	0	1	0	1	0	0	0	1	1	1	0	0	1	0	0	0
"1045"	"X2"	83	0	1	0	0	0	1	0	2	0	0	1	0	2	1	0	1	0	0	2	0	1	2	0	0	0	0	0	0	0	0	1	0	0	0	1	1	2	1	1	0	0	0	1	1	0	0	0	1	0	1	0	1	1	1	0	0	0	0	0	2	1	0	1	0	0	0	0	1	0	1	0	0	1	0	1	0	0	1	0	0	1	0	0	0	0	0	1
"11"	"X2"	86	1	1	0	0	0	0	0	1	0	0	2	0	0	1	1	0	0	2	1	0	0	0	0	1	1	0	0	0	0	0	1	2	1	0	1	0	0	2	1	1	0	0	0	0	0	2	1	2	0	2	1	1	0	0	0	1	0	0	0	0	2	1	0	0	0	1	0	1	0	0	0	0	1	0	0	0	1	0	2	0	0	1	1	1	1	0	2
"1070"	"X2"	76	1	0	0	0	0	1	0	2	0	1	1	0	1	0	1	0	1	1	1	0	1	1	0	0	0	0	1	0	1	1	1	0	2	0	1	0	0	1	2	1	0	1	0	0	0	1	0	0	0	1	2	0	1	1	1	0	0	0	1	0	1	0	1	0	0	0	0	0	0	0	1	0	0	1	0	0	1	0	0	0	1	0	0	0	1	0	0
"956"	"X2"	90	0	1	1	1	0	0	1	1	0	0	1	0	0	0	1	0	0	0	1	1	0	0	1	2	1	1	1	1	0	0	0	0	1	0	1	0	2	1	1	1	0	0	0	0	0	1	0	1	1	1	0	2	0	1	0	0	1	0	0	0	1	0	0	1	0	0	0	0	0	0	0	0	0	0	0	1	0	0	2	1	0	2	0	0	0	0	1
"353"	"X2"	80	0	0	1	0	1	0	1	2	0	0	1	0	0	0	1	1	1	2	0	1	0	0	1	1	0	0	0	0	0	0	1	2	1	0	0	0	0	0	1	0	1	2	0	1	0	1	1	1	0	1	1	0	0	0	1	1	0	0	0	0	2	0	1	2	0	0	0	0	0	1	0	1	0	0	2	0	0	0	0	2	0	1	2	2	2	0	0
"544"	"X2"	90	0	0	0	0	0	0	1	0	0	0	2	0	0	1	0	1	2	0	1	0	0	1	0	1	1	0	0	0	0	0	0	1	0	0	2	0	1	1	1	2	0	1	0	1	1	2	0	1	0	1	2	0	0	0	1	1	0	0	0	0	2	0	0	0	1	1	1	0	1	0	0	0	1	0	1	0	1	0	0	0	0	1	1	1	2	1	0
"994"	"X2"	90	0	2	0	1	0	1	0	2	1	0	0	1	0	0	1	0	0	2	0	0	0	0	0	0	0	0	0	0	0	0	1	1	1	0	0	2	0	1	0	1	0	0	0	1	0	2	0	1	1	1	0	0	1	0	1	0	1	0	0	1	0	0	1	0	0	1	0	0	0	1	0	0	1	1	0	1	0	0	1	1	0	0	0	0	1	0	0
"698"	"X2"	70	1	2	0	0	0	0	1	1	0	0	2	0	0	2	1	0	1	1	0	0	0	0	0	0	0	1	0	0	0	0	1	1	1	0	0	1	2	2	0	1	0	0	0	2	1	0	1	0	0	0	2	1	0	2	0	0	0	0	0	0	0	0	1	1	1	0	1	0	2	2	0	0	0	1	1	0	0	0	1	1	0	1	1	0	0	0	1
"501"	"X2"	68	1	0	0	1	0	1	0	1	1	0	1	1	0	1	1	0	1	0	0	2	0	0	2	0	0	1	1	1	1	0	1	0	1	0	0	1	0	1	1	1	0	1	0	0	0	2	0	1	1	0	1	0	2	0	2	0	0	0	0	1	1	0	0	0	1	1	0	0	0	0	0	2	0	0	1	1	0	0	1	0	0	1	2	1	1	0	0
"865"	"X2"	90	1	1	0	1	0	1	0	0	0	0	0	0	0	1	0	1	2	1	2	0	1	1	0	0	0	1	0	1	0	0	2	1	0	0	0	2	0	1	2	1	0	0	0	0	0	1	1	0	1	2	0	1	2	0	0	2	0	0	0	0	1	1	0	1	1	0	1	0	1	0	0	0	1	0	0	0	0	0	2	0	0	0	0	0	0	1	1
"585"	"X2"	90	1	0	0	0	0	0	0	1	0	0	1	1	0	1	0	0	1	0	2	0	1	2	0	0	0	0	1	0	1	1	0	1	0	0	2	1	2	1	0	0	0	0	0	1	0	1	0	0	0	1	0	1	0	0	0	1	0	0	0	0	1	1	0	1	1	0	1	0	1	0	0	0	1	1	0	0	0	0	2	0	0	1	1	0	0	0	0
"773"	"X2"	82	0	0	1	0	0	0	0	0	0	0	1	0	1	1	1	1	1	0	1	1	1	0	1	1	0	2	0	2	0	0	1	1	2	0	0	1	0	1	1	0	0	2	0	0	0	2	1	0	0	2	2	1	0	0	0	0	1	0	0	0	2	0	0	1	0	0	0	0	0	1	0	0	0	0	0	2	1	1	0	1	1	1	1	0	0	0	1
"165"	"X2"	74	1	1	0	0	0	1	0	2	0	0	1	0	1	2	0	1	0	1	1	1	1	1	1	0	0	0	2	0	2	0	1	0	2	0	1	0	2	1	1	0	1	1	0	0	0	0	1	1	0	0	0	0	0	2	1	1	0	1	0	0	1	0	0	0	1	0	1	1	0	0	0	1	0	2	0	0	0	0	1	1	0	2	1	0	0	1	1
"468"	"X2"	84	0	1	0	1	0	0	0	1	0	0	1	1	1	0	0	0	2	0	1	0	2	0	0	2	1	0	0	0	0	0	1	2	0	1	1	0	2	2	0	0	0	0	1	0	0	0	1	0	0	1	1	0	2	0	1	0	0	0	0	0	0	0	0	1	1	0	2	0	1	0	0	0	2	0	1	0	0	0	1	0	0	1	0	1	1	0	0
"851"	"X2"	88	0	0	1	1	1	0	1	1	0	0	2	1	0	1	1	1	2	1	0	1	0	0	1	0	0	0	0	0	0	0	1	1	0	0	1	0	1	1	1	1	0	2	0	0	0	2	0	1	0	1	0	1	1	1	0	0	1	0	0	1	0	0	1	1	0	0	1	0	0	1	0	0	1	0	1	1	0	1	2	1	0	1	0	1	1	0	0
"388"	"X2"	84	1	0	0	1	0	0	0	1	0	0	2	1	1	1	0	0	0	1	2	0	2	1	0	1	0	1	0	1	0	0	1	1	2	0	2	0	2	0	2	0	1	0	0	0	0	2	1	0	0	1	1	0	0	0	1	1	0	0	0	2	0	1	1	0	2	0	2	0	0	0	0	0	1	0	1	0	1	0	2	1	1	0	0	0	0	1	0
"186"	"X2"	88	0	0	1	0	0	0	0	0	0	0	0	2	0	0	0	1	1	1	1	0	0	0	0	0	0	0	0	0	0	0	0	1	1	0	0	0	1	0	0	0	0	1	0	2	0	2	1	0	0	2	1	0	0	1	1	2	0	0	0	0	0	1	0	0	0	0	1	0	0	0	0	1	0	2	0	0	0	0	1	0	0	1	1	1	1	0	1
"227"	"X2"	90	1	1	1	0	1	1	0	1	0	0	1	1	1	0	0	1	1	0	1	0	0	0	0	1	0	1	0	1	0	0	0	1	0	0	1	1	0	0	2	1	0	1	1	0	0	0	1	0	0	1	0	1	1	1	1	1	0	0	0	1	0	0	2	0	0	0	0	0	0	1	0	0	0	0	1	0	0	0	1	0	0	1	1	0	1	0	1
"922"	"X2"	90	0	1	1	0	0	0	0	1	1	0	2	0	0	0	1	2	1	1	0	1	0	0	1	1	1	1	1	0	1	0	0	2	0	0	1	0	1	0	0	1	0	1	1	0	0	2	0	1	0	2	1	2	1	1	0	0	1	0	0	2	1	0	1	0	1	0	1	1	0	1	0	0	0	0	1	0	0	0	1	0	0	0	1	1	2	0	0
"608"	"X2"	83	1	1	1	0	1	1	0	1	0	0	1	1	0	1	0	0	1	1	1	0	0	0	0	1	0	1	1	1	1	0	0	2	1	0	0	1	0	2	0	1	0	0	0	1	0	1	0	1	0	0	1	1	0	1	1	0	1	0	0	1	0	0	1	0	1	0	1	0	1	1	0	0	1	0	0	0	1	0	1	0	0	1	1	1	1	1	0
"758"	"X2"	72	1	0	0	1	0	0	1	1	0	0	1	1	0	1	0	0	0	1	2	0	2	0	0	0	0	1	0	1	0	0	1	1	1	0	0	0	1	2	2	2	0	1	0	0	0	2	1	0	0	1	1	0	0	0	2	0	0	0	0	0	0	0	1	0	0	0	0	0	0	2	0	0	0	1	0	0	0	0	2	0	0	2	2	0	0	0	2
"212"	"X2"	78	0	0	1	1	0	1	1	2	1	0	1	1	1	0	0	1	2	1	1	0	0	0	0	2	1	0	1	1	1	1	0	0	0	0	0	0	1	0	1	0	0	1	0	0	0	1	1	0	0	1	0	1	0	2	1	0	0	0	0	0	2	0	1	0	1	1	2	0	1	0	0	1	1	0	0	0	2	0	1	0	0	1	2	1	0	0	1
"593"	"X2"	83	0	1	0	0	0	2	0	1	0	0	1	1	0	0	0	1	0	0	1	1	0	0	0	1	1	2	0	1	0	0	1	1	0	0	0	1	0	1	0	0	0	1	0	1	1	0	1	0	0	1	2	0	0	0	2	1	0	0	0	2	1	0	2	0	1	0	1	0	1	0	0	0	2	0	0	0	1	0	0	1	1	1	1	0	0	0	0
"81"	"X2"	86	1	0	1	1	0	1	0	2	0	0	0	0	0	0	0	1	2	0	1	0	2	1	0	0	0	0	1	0	0	0	1	1	0	0	2	2	2	1	1	1	0	0	0	0	0	1	2	2	0	1	1	0	1	0	1	1	1	0	0	1	0	0	1	0	1	0	1	0	1	1	0	0	1	0	1	0	0	0	2	0	0	2	1	1	2	0	0
"126"	"X2"	82	1	0	1	1	1	1	0	1	0	0	2	2	0	0	0	2	0	0	1	0	1	0	0	2	0	1	1	1	0	1	0	1	2	0	0	1	0	1	1	0	0	0	0	1	0	1	1	2	0	2	1	0	0	1	0	1	0	0	0	0	1	0	2	0	0	0	1	0	0	1	0	0	1	0	1	1	0	0	1	0	0	1	1	0	0	0	1
"135"	"X2"	88	1	0	0	0	0	0	1	1	0	0	0	2	0	0	1	1	1	0	1	1	1	1	1	2	0	0	0	1	0	0	1	2	2	0	0	2	0	0	0	1	0	1	1	1	1	0	0	2	0	2	0	0	0	0	0	1	1	1	0	0	1	0	2	0	0	0	0	0	0	1	0	0	2	0	0	0	0	0	1	0	0	1	0	0	0	0	0
"966"	"X2"	80	0	0	0	0	0	0	1	1	0	0	2	1	1	1	1	1	2	0	0	0	0	0	0	1	1	0	1	0	1	0	0	1	0	0	0	1	0	1	0	0	0	2	0	0	0	0	1	1	2	0	1	0	1	0	0	0	1	0	0	1	0	0	1	0	0	0	0	0	0	2	0	0	0	1	0	0	0	1	0	1	0	0	1	1	1	0	1
"411"	"X2"	76	0	1	0	1	0	0	0	1	0	0	1	1	0	1	0	1	0	0	1	2	1	0	0	1	1	1	1	1	1	0	2	2	2	0	1	0	1	0	0	2	0	0	0	0	0	0	0	1	1	0	2	0	1	0	2	1	0	0	1	0	1	0	1	0	1	0	0	0	0	0	1	0	0	0	0	2	0	1	1	0	0	0	0	1	1	0	0
"624"	"X2"	90	1	1	1	1	0	0	0	2	1	0	1	2	1	1	0	1	0	0	0	0	0	0	0	1	0	1	0	1	0	0	2	2	0	0	0	1	2	1	0	2	0	1	1	2	0	0	1	2	0	2	0	0	0	0	0	0	1	0	0	2	1	1	0	1	1	0	2	1	0	0	0	0	0	0	0	1	0	1	1	0	0	0	0	0	1	0	1
"817"	"X2"	90	1	0	1	0	0	1	0	0	0	0	0	0	2	2	0	0	1	1	2	0	2	1	0	0	0	0	0	0	0	0	2	1	1	1	1	1	1	0	0	1	0	2	0	1	0	1	0	1	0	1	0	1	0	1	1	1	0	0	0	0	1	0	0	0	1	0	1	1	0	0	0	0	0	0	1	0	0	0	0	1	0	0	1	2	0	0	0
"336"	"X2"	84	1	1	1	0	0	1	0	1	1	1	1	1	1	0	0	0	1	0	2	0	2	1	0	0	0	0	0	0	0	0	2	1	0	1	0	1	1	0	1	2	0	0	0	1	0	0	1	0	0	1	0	1	0	0	0	0	0	1	0	1	0	0	2	1	1	0	1	1	1	0	0	0	1	0	0	0	0	0	1	0	0	1	0	0	1	1	0
"356"	"X2"	86	0	0	2	0	0	0	1	0	0	0	0	1	2	0	1	0	2	1	1	1	1	0	0	2	1	0	0	1	0	0	0	1	1	1	1	0	1	2	1	1	1	2	0	0	0	2	1	0	0	2	2	1	2	0	0	1	1	0	0	1	0	0	1	1	0	0	1	0	0	0	0	0	0	0	1	0	0	0	1	0	0	1	1	1	0	0	0
"228"	"X2"	88	0	0	0	1	1	0	1	2	1	0	1	0	0	0	0	1	0	0	2	0	2	1	0	1	0	0	1	0	1	1	1	0	2	0	0	2	0	2	0	0	0	2	0	0	0	0	1	0	0	2	0	2	0	1	0	1	0	0	0	0	1	0	1	1	0	0	1	0	0	1	0	0	1	0	0	0	0	0	1	0	0	0	1	0	1	0	0
"870"	"X2"	90	0	1	0	0	0	1	0	1	0	0	0	0	1	2	1	1	2	0	0	1	1	0	1	0	0	1	0	1	0	0	1	2	1	0	2	1	0	0	0	0	0	1	1	1	0	1	1	0	0	1	1	1	1	0	1	0	1	0	0	1	1	0	1	0	1	0	0	1	0	0	1	0	0	0	0	0	1	0	1	0	0	2	1	1	1	0	0
"41"	"X2"	69	1	1	0	0	0	0	0	0	0	0	1	0	0	1	0	1	0	0	1	0	0	1	0	1	1	0	1	0	0	0	1	1	2	0	0	0	1	0	1	1	0	0	2	0	0	2	1	2	0	1	1	1	1	2	0	0	0	0	0	0	0	0	1	1	1	0	1	0	2	2	0	0	1	0	2	0	0	0	1	1	0	0	0	0	0	0	0
"256"	"X2"	75	0	0	1	1	0	0	1	2	2	0	1	1	1	2	0	1	0	0	1	0	1	0	0	0	0	1	0	1	0	0	0	0	1	0	1	0	1	1	1	1	1	2	0	0	0	1	1	0	0	0	1	1	0	2	1	1	0	0	0	1	1	0	0	0	1	1	0	2	0	0	0	0	2	0	2	0	1	0	1	0	0	1	0	1	1	0	0
"400"	"X2"	90	1	0	0	0	0	1	0	0	1	0	1	1	0	0	0	0	1	0	1	0	0	0	0	1	1	0	0	0	0	0	1	1	0	0	1	0	1	1	1	2	0	0	1	1	0	0	1	1	0	1	1	1	0	0	2	0	0	0	0	0	1	0	0	0	2	0	1	1	1	0	0	0	1	0	0	0	1	0	2	0	0	1	2	1	1	0	1
"493"	"X2"	87	0	0	1	0	1	0	1	1	1	0	2	0	0	1	0	0	1	0	0	0	0	0	0	1	0	0	0	1	0	0	1	0	1	0	0	1	0	1	1	1	2	1	1	1	0	1	2	0	0	2	1	1	2	0	1	0	1	0	0	0	1	0	1	0	0	0	0	0	0	0	0	0	0	0	0	0	0	0	1	0	1	0	1	1	1	0	1
"549"	"X2"	78	0	0	1	0	0	0	0	0	1	0	0	1	1	2	0	1	0	0	1	0	1	0	0	0	0	0	2	0	2	0	1	1	2	0	1	0	1	0	1	0	0	1	0	0	0	1	1	2	0	0	1	2	1	1	2	1	0	0	0	2	0	0	2	0	0	0	0	1	0	1	0	0	1	0	0	1	0	0	1	1	1	0	0	0	1	0	1
"580"	"X2"	88	0	0	0	0	0	0	0	1	0	0	1	1	0	0	0	1	2	0	1	0	1	0	0	0	0	1	0	2	0	0	1	2	1	0	2	1	1	1	0	1	0	1	0	1	0	0	1	0	0	1	0	2	1	0	1	0	0	0	0	0	1	0	1	0	1	0	0	0	0	1	0	1	0	0	1	0	0	1	1	0	1	1	1	1	1	0	0
"778"	"X2"	90	1	0	0	0	0	1	0	1	1	0	0	1	1	2	0	0	0	0	1	0	0	1	0	0	0	2	0	0	0	0	1	0	0	0	1	0	1	1	0	0	0	1	1	2	1	0	0	1	0	1	2	1	1	1	1	0	0	1	0	1	1	1	1	2	0	0	0	1	0	0	0	0	1	0	0	0	0	0	1	0	1	0	0	0	0	0	2
"941"	"X2"	59	1	0	0	0	0	0	0	1	0	0	2	0	0	1	0	0	0	0	1	0	0	0	0	2	1	1	0	1	0	0	0	1	0	0	1	0	2	1	0	1	0	0	1	1	0	1	0	1	0	0	1	0	1	2	1	0	0	0	0	0	0	0	2	0	0	0	1	0	0	0	0	0	1	0	0	0	0	0	1	0	0	2	1	2	2	1	0
"639"	"X2"	76	0	0	0	0	0	0	0	1	0	0	2	0	0	1	0	1	1	0	1	1	0	0	1	0	0	1	0	1	0	0	2	1	0	0	0	1	1	0	0	0	0	0	0	1	0	0	0	0	0	1	1	2	1	1	2	0	0	0	0	0	1	0	1	0	0	1	0	0	0	1	0	0	0	0	0	0	0	0	1	0	1	0	0	1	1	0	0
"596"	"X2"	88	1	0	0	0	0	0	0	0	0	0	1	1	0	0	1	2	1	0	1	1	1	1	0	1	0	0	1	0	0	0	1	1	0	1	1	0	1	1	1	1	0	0	0	1	0	1	0	0	0	2	0	1	0	1	1	0	0	0	0	2	0	0	2	0	0	0	0	0	0	1	0	1	0	0	1	1	0	0	1	0	0	0	1	1	2	0	0
"748"	"X2"	89	0	0	1	0	0	0	1	1	0	0	1	0	0	0	1	0	1	0	2	0	1	1	0	0	0	1	0	1	0	0	2	0	1	0	0	1	1	0	1	1	0	0	1	0	0	1	0	2	0	1	1	2	2	0	0	0	1	0	0	1	0	0	1	0	1	0	0	0	0	1	0	0	0	1	0	1	0	0	2	0	0	1	1	0	1	0	1
"1091"	"X2"	85	1	0	0	0	1	1	1	2	0	0	1	1	1	1	0	1	0	1	1	0	1	1	0	0	0	2	0	2	0	0	1	1	1	0	0	1	2	1	2	0	0	1	1	2	0	1	2	1	0	1	2	0	1	2	1	0	1	0	0	1	0	1	1	0	0	0	0	0	0	0	0	2	0	1	1	0	0	1	1	1	0	0	0	0	0	0	0
"837"	"X2"	85	0	0	0	1	0	1	1	0	0	0	0	0	1	2	1	1	2	1	2	0	1	1	0	1	0	1	0	1	0	0	1	1	1	1	1	1	1	2	0	0	0	1	0	1	0	1	1	1	0	2	0	2	0	2	1	1	0	0	1	0	0	0	0	0	1	0	0	0	0	0	0	0	0	0	1	0	1	0	1	1	0	1	0	0	2	0	0
"192"	"X2"	90	0	0	1	0	0	1	0	0	1	1	0	1	0	1	0	0	0	1	1	0	0	0	0	1	0	0	1	0	1	1	1	1	0	0	2	1	0	1	2	0	0	1	1	2	0	1	0	1	0	2	0	1	0	2	0	0	0	0	0	1	1	0	1	0	2	0	1	0	1	1	1	0	0	0	1	1	0	0	2	0	0	1	1	0	2	0	1
"24"	"X2"	82	1	0	0	0	0	0	0	1	0	0	1	2	1	1	0	1	0	1	1	0	0	1	0	0	0	0	0	1	0	0	1	1	0	0	1	0	2	2	1	0	0	0	0	0	0	2	0	0	0	2	0	2	0	1	1	1	0	0	0	2	1	1	0	1	1	0	1	0	1	1	0	0	1	0	1	1	0	0	1	0	1	1	2	0	1	0	0
"288"	"X2"	88	1	0	0	0	0	0	0	2	1	0	1	1	0	0	1	2	1	0	1	0	1	0	0	2	1	0	0	0	0	0	1	1	0	0	0	1	1	1	1	1	0	0	1	1	0	1	1	0	0	1	1	1	1	1	2	1	0	1	0	0	1	0	0	1	1	0	1	0	0	0	0	0	0	0	0	0	0	0	1	1	0	1	1	1	0	0	1
"48"	"X2"	79	0	0	0	0	0	0	0	2	0	0	0	1	1	0	0	0	1	2	1	1	0	0	0	2	1	1	0	1	0	0	0	2	0	0	0	1	0	1	0	0	0	0	0	0	0	0	1	1	0	0	1	0	1	1	1	1	0	0	0	1	1	0	1	0	0	1	0	0	0	1	0	0	1	0	1	0	0	0	0	0	0	0	0	0	2	0	1
"439"	"X2"	89	0	1	0	0	0	0	1	0	0	1	0	0	0	1	0	1	0	0	0	1	0	0	1	1	0	0	0	0	0	0	1	2	0	1	1	0	1	0	0	1	0	1	0	1	1	1	1	2	1	1	1	1	0	1	1	0	0	0	0	1	1	0	0	2	0	0	1	0	0	1	0	0	1	0	2	0	1	0	0	1	1	1	0	0	0	0	1
"241"	"X2"	87	0	1	0	0	0	0	0	0	0	1	0	1	1	1	1	0	0	0	1	0	0	1	0	1	1	0	1	0	1	0	2	1	1	0	0	0	0	0	2	1	0	1	0	1	1	2	0	0	0	1	0	0	1	0	2	0	1	0	0	1	0	0	1	0	0	1	0	1	0	0	0	0	1	0	0	0	0	0	0	1	0	1	1	0	1	0	1
"525"	"X2"	75	0	1	0	0	0	0	0	1	0	1	1	1	1	2	0	0	1	0	1	0	1	1	0	1	1	1	0	1	0	0	1	1	1	0	0	0	0	1	1	1	0	0	0	0	1	1	2	0	0	2	2	0	0	2	0	0	1	0	0	1	0	0	1	0	1	0	1	0	1	2	0	0	0	1	0	0	0	2	1	1	0	0	1	0	0	1	1
"609"	"X2"	64	0	0	2	0	0	0	0	0	0	0	2	0	1	1	1	0	2	0	1	1	0	0	1	0	0	0	0	1	0	0	2	1	0	0	1	0	2	2	2	0	1	0	0	0	0	1	0	2	0	2	1	0	2	2	0	1	0	0	1	0	1	0	2	0	0	0	0	0	0	1	0	0	1	0	1	1	0	0	1	0	0	2	2	1	0	0	1
"949"	"X2"	76	1	1	1	0	0	0	0	0	0	0	1	1	0	0	0	1	0	2	1	0	1	0	0	0	0	2	0	2	0	0	2	1	1	0	0	1	0	0	0	1	0	1	0	0	0	2	1	1	0	1	0	1	1	2	1	1	0	0	0	0	1	1	0	1	1	0	1	1	0	0	1	0	0	0	1	0	0	0	2	0	0	1	1	1	0	1	0
"465"	"X2"	86	0	0	2	1	1	1	0	2	0	0	1	0	1	0	0	0	1	1	2	0	0	1	0	1	0	1	0	1	0	0	0	1	1	1	2	1	1	2	1	1	0	1	0	2	0	1	1	1	0	1	0	0	1	1	2	0	0	0	0	0	1	0	1	1	1	0	0	1	0	0	0	0	1	0	1	1	1	0	2	1	1	0	1	1	1	1	1
"636"	"X2"	82	0	0	1	1	0	0	1	0	0	0	1	1	0	0	1	0	0	1	2	0	1	1	0	1	0	0	1	0	0	0	1	2	2	0	0	1	1	1	0	0	0	1	0	0	0	1	0	0	0	1	0	0	1	1	2	2	0	0	0	0	2	1	1	1	0	0	0	0	0	0	0	0	0	0	0	1	0	0	2	0	0	0	1	0	0	0	1
"319"	"X2"	82	0	1	0	0	0	0	0	0	0	0	2	0	1	1	0	0	1	1	1	1	0	0	0	0	0	0	0	0	0	0	2	2	2	0	0	2	0	1	1	1	0	1	1	0	0	0	1	0	0	2	0	1	0	0	0	1	0	1	0	0	1	0	0	1	0	1	1	0	0	0	0	0	1	0	1	0	0	0	1	0	1	1	1	0	0	1	1
"433"	"X2"	88	1	0	0	0	0	0	1	2	0	0	1	0	2	0	0	1	2	1	2	1	0	0	0	0	0	2	0	2	0	0	1	2	2	0	2	0	1	0	1	0	1	0	0	0	0	1	1	0	0	1	0	1	1	2	0	1	0	0	1	0	1	0	0	1	1	0	0	0	0	1	0	0	1	0	1	0	0	1	1	1	0	0	0	1	1	1	1
"641"	"X2"	87	1	0	0	0	1	0	2	2	0	0	1	1	1	0	1	1	1	1	0	1	0	0	1	1	0	0	1	0	0	0	2	1	1	0	1	0	1	1	2	2	0	1	1	0	0	1	1	0	0	2	1	0	0	1	1	0	1	0	0	1	0	0	0	0	1	1	1	0	1	0	0	0	1	0	0	0	0	0	1	0	0	1	1	0	1	0	2
"755"	"X2"	87	0	0	0	0	0	0	1	1	0	0	1	1	0	2	1	0	2	1	1	2	0	0	1	0	1	0	1	0	1	0	1	1	0	0	0	1	0	0	1	1	0	1	0	0	0	0	1	1	0	0	1	1	0	1	1	2	0	0	0	1	1	0	2	0	1	0	1	0	1	0	0	0	1	0	1	0	1	0	1	0	0	1	1	0	0	0	0
"372"	"X2"	90	1	1	0	0	0	0	0	0	1	1	1	0	1	2	1	1	0	0	1	0	0	0	0	0	1	1	0	1	0	0	0	0	1	0	1	1	1	1	0	1	0	1	0	1	1	1	0	2	0	2	1	0	0	0	0	0	1	0	0	2	0	0	0	1	1	0	1	0	0	1	0	0	0	0	1	0	0	0	1	1	0	0	0	0	2	0	0
"933"	"X2"	89	1	1	0	0	1	0	0	0	1	0	1	0	2	0	0	0	1	1	1	0	0	0	0	1	0	1	0	2	0	0	1	1	2	0	2	0	0	0	0	0	0	0	0	0	0	1	2	1	1	0	2	2	0	1	1	1	0	0	0	1	0	2	0	1	1	0	2	0	0	0	0	1	0	0	0	1	0	0	1	0	0	1	1	1	1	1	1
"689"	"X2"	77	1	0	2	1	1	0	0	0	0	0	2	0	1	0	0	1	0	0	1	0	1	0	0	0	1	1	0	1	0	0	2	0	1	0	2	1	0	0	1	1	1	0	0	0	0	0	1	2	0	1	2	1	1	1	1	0	0	0	0	1	0	0	1	0	0	0	0	0	0	1	0	0	0	0	0	2	0	1	2	1	0	2	1	0	1	0	1
"83"	"X2"	89	1	0	0	1	0	1	0	2	0	0	2	1	0	0	0	0	1	1	1	0	1	0	0	0	0	1	0	1	0	0	2	2	1	0	1	0	1	1	1	0	0	1	1	0	0	1	0	0	0	1	1	0	1	2	0	0	1	0	0	2	0	0	1	0	0	0	0	0	0	2	0	0	0	0	0	1	0	1	0	1	1	0	1	0	2	0	0
"64"	"X2"	78	1	0	1	0	0	0	0	0	0	1	1	1	1	0	1	1	0	0	0	0	0	0	0	1	0	1	0	1	0	0	0	2	0	0	0	0	1	1	0	1	0	0	0	1	0	2	0	0	0	1	1	0	1	1	0	0	0	0	0	0	2	0	0	1	0	1	0	0	0	0	1	0	0	0	0	0	0	0	1	1	1	1	1	0	2	0	1
"589"	"X2"	76	1	0	1	1	0	0	0	0	1	0	1	1	1	0	0	1	1	0	0	2	1	0	1	1	0	0	0	1	0	0	1	1	0	0	2	1	0	0	2	0	0	1	0	1	0	2	0	0	0	1	1	1	0	0	0	0	1	0	0	1	0	1	1	0	0	1	0	0	0	0	0	0	0	0	0	1	0	0	2	0	0	2	1	2	1	0	1
"410"	"X2"	82	1	1	1	1	0	0	0	2	0	0	2	0	1	0	0	1	1	2	0	0	0	0	0	1	1	1	0	1	0	0	1	1	1	0	0	0	1	1	0	0	0	1	0	0	0	1	0	1	1	0	1	1	0	1	0	0	0	0	0	1	0	1	1	0	0	0	0	0	0	2	0	0	1	0	0	1	0	0	1	2	0	0	0	0	0	0	0
"180"	"X2"	82	0	0	1	1	0	0	1	2	0	0	2	0	1	1	0	1	2	1	1	0	0	1	0	0	0	0	0	0	0	0	1	1	0	0	1	0	2	0	2	0	0	0	1	0	0	0	0	0	0	2	2	1	0	0	1	1	0	1	0	0	0	0	0	1	1	0	2	0	1	0	0	0	2	0	1	1	0	0	1	1	0	0	0	0	0	0	1
"366"	"X2"	90	1	0	0	1	0	1	0	1	0	0	0	1	0	0	0	0	0	1	2	0	1	0	0	1	1	1	0	1	0	0	1	0	1	1	1	1	0	0	0	1	0	1	0	0	0	1	0	0	0	1	0	1	0	1	0	1	0	0	0	1	1	1	1	2	0	0	0	0	1	1	0	0	0	0	1	0	0	0	2	0	0	1	0	1	1	1	1
"930"	"X2"	90	1	0	0	2	0	0	0	2	1	0	0	2	0	1	2	0	1	1	2	0	0	1	0	1	1	1	0	0	0	0	1	1	0	0	1	0	1	2	1	0	1	1	0	0	0	1	1	2	0	0	2	1	1	1	1	0	1	0	0	1	0	0	1	0	1	0	1	0	0	0	0	0	1	0	0	1	0	0	1	0	0	0	0	0	1	0	1
"155"	"X2"	86	1	0	1	1	1	0	1	1	1	0	1	0	1	0	2	0	1	1	2	0	0	0	0	0	1	2	0	2	0	0	2	1	0	1	1	2	1	1	0	1	0	1	1	1	0	0	1	1	1	2	0	1	1	2	2	0	0	0	0	1	1	1	0	1	0	0	0	0	1	0	1	0	1	0	0	0	1	0	1	0	0	1	2	2	2	0	0
"808"	"X2"	88	1	0	2	0	0	1	0	1	1	0	2	2	0	0	0	2	1	2	0	0	1	0	0	0	0	0	0	1	0	0	2	0	1	0	1	0	0	1	0	1	0	0	0	1	0	1	1	0	0	2	1	1	1	1	1	1	0	1	0	0	1	0	0	0	1	1	1	1	0	0	0	0	1	0	2	0	0	0	1	0	0	2	1	0	1	0	0
"1100"	"X2"	90	0	0	0	1	0	0	1	1	0	0	0	0	1	0	0	0	1	0	1	0	0	0	0	1	1	2	0	1	0	0	2	2	1	0	1	0	0	1	0	2	0	0	0	0	0	0	0	0	0	2	1	0	1	0	1	1	0	0	0	1	1	1	1	0	1	0	1	0	1	0	0	0	2	0	0	0	0	0	0	0	0	1	0	0	1	0	1
"273"	"X2"	90	1	1	0	1	0	1	1	1	0	0	1	1	1	0	0	1	1	1	1	0	2	1	0	2	2	1	1	1	1	0	1	1	2	0	1	0	0	0	1	2	0	0	1	0	0	0	0	1	0	2	0	0	0	0	0	0	0	0	0	0	1	0	0	0	2	0	1	1	1	0	0	0	1	0	1	0	0	1	1	1	0	0	0	0	1	1	0
"668"	"X2"	90	1	2	0	1	1	1	1	1	0	0	0	1	1	0	0	0	2	0	1	1	1	0	0	2	1	1	0	1	0	0	1	0	0	0	1	0	2	1	2	1	0	2	0	0	0	1	0	1	0	0	1	0	0	2	1	1	0	0	0	1	1	0	1	0	0	1	1	0	0	1	0	1	0	0	1	0	0	1	1	0	0	1	1	1	2	1	1
"276"	"X2"	89	0	0	0	1	0	0	0	0	0	0	1	1	2	0	1	0	2	1	1	1	1	0	1	0	0	1	0	0	0	0	1	1	2	0	0	0	0	1	0	1	0	0	0	0	0	0	1	1	0	1	2	2	0	0	1	2	0	1	1	0	0	0	1	1	0	0	1	0	0	0	1	0	0	0	0	1	0	0	2	0	0	2	2	1	1	0	2
"246"	"X2"	81	1	0	0	0	0	1	1	0	1	0	1	0	1	0	0	1	1	0	0	1	0	0	1	1	0	1	1	0	2	1	0	0	2	0	1	0	0	1	0	0	0	0	1	0	0	2	0	1	0	0	1	1	0	0	1	0	0	0	0	0	0	0	0	0	1	0	1	0	2	1	0	0	1	0	1	0	0	1	0	0	0	1	2	2	0	0	1
"321"	"X2"	79	0	1	0	0	0	0	0	0	2	1	0	0	2	1	0	0	0	0	1	0	0	0	0	2	0	1	1	1	1	1	1	1	1	1	0	0	1	0	1	0	0	0	0	0	0	0	1	2	0	1	0	1	0	1	2	0	0	0	1	1	0	0	1	1	0	0	1	0	0	1	0	0	0	0	1	0	0	1	0	0	0	1	0	2	0	1	1
"742"	"X2"	90	0	0	1	0	1	0	1	1	0	0	1	0	1	0	1	1	1	1	0	1	0	0	1	2	1	0	0	0	0	0	0	0	0	1	1	0	0	0	1	2	0	1	1	1	0	0	1	0	0	2	0	1	0	1	1	1	0	0	0	0	0	0	0	0	2	0	0	0	0	0	1	1	0	0	1	0	0	0	1	0	0	0	0	1	1	0	0
"1040"	"X2"	90	0	0	1	0	1	1	0	1	0	0	1	0	0	1	0	0	1	2	1	1	1	0	1	1	0	1	0	1	0	0	2	1	2	1	2	1	0	0	1	1	0	1	0	1	0	0	0	1	0	2	1	0	1	0	1	0	0	0	0	1	0	0	1	1	0	0	1	1	0	0	0	0	2	0	0	0	0	0	0	0	0	1	1	0	1	0	1
"952"	"X2"	88	0	0	0	1	0	0	0	1	0	1	1	1	1	1	0	0	1	1	1	0	0	1	0	1	0	0	0	0	0	0	2	1	0	0	1	1	1	1	1	0	0	1	0	1	0	2	1	0	0	1	1	2	0	1	1	1	1	0	1	1	0	0	0	1	1	0	0	0	0	0	0	0	1	1	1	0	0	0	1	0	0	1	1	0	1	0	0
"670"	"X2"	68	0	2	0	0	0	0	2	2	0	0	1	0	1	1	0	0	2	1	1	0	0	1	1	1	0	1	0	2	0	0	1	2	1	0	1	1	1	1	1	0	0	1	0	0	0	0	0	1	0	0	0	1	1	2	1	0	0	0	0	1	0	0	2	0	1	0	1	0	0	1	0	0	1	0	0	1	0	0	0	0	0	1	1	0	0	1	0
"874"	"X2"	90	0	1	0	0	1	1	0	1	0	0	1	1	0	0	1	0	1	1	0	1	0	0	1	0	0	0	0	1	0	0	0	1	0	1	0	0	2	0	0	1	1	0	0	1	0	1	0	1	0	1	0	2	1	1	0	1	1	0	1	0	0	0	1	0	1	0	0	0	0	0	1	0	0	0	0	0	1	0	1	0	0	2	0	0	0	0	0
"1001"	"X2"	88	1	0	0	1	0	0	1	0	0	0	2	0	0	2	0	0	1	0	0	0	0	0	0	0	0	0	1	0	0	1	0	1	1	0	0	0	1	1	1	1	0	0	0	0	0	0	1	0	0	1	1	1	1	1	1	1	0	1	0	0	2	0	0	0	1	1	0	1	0	0	0	0	1	0	0	1	0	0	2	0	0	1	0	1	2	0	1
"363"	"X2"	90	0	1	0	0	1	0	1	1	1	0	0	0	0	1	0	1	1	1	2	0	1	0	0	2	2	0	0	1	0	0	0	0	0	0	0	1	0	0	0	1	0	2	0	1	0	0	0	1	0	1	2	1	0	2	1	1	0	1	0	1	0	0	1	2	0	0	1	1	0	0	0	0	2	0	2	0	2	0	1	1	0	2	1	0	0	0	1
"586"	"X2"	86	1	0	2	1	1	1	0	1	0	0	0	0	0	1	0	0	1	0	1	0	0	0	0	1	1	1	0	0	0	0	0	1	0	0	0	0	1	1	1	1	0	1	0	0	0	0	0	1	0	0	0	1	1	0	0	0	1	0	0	2	1	1	1	0	0	0	0	0	0	1	0	0	0	0	0	0	0	1	1	0	0	0	0	0	0	0	1
"280"	"X2"	90	0	0	0	1	0	0	1	1	1	0	1	0	0	2	0	1	0	0	1	0	1	1	0	1	0	0	0	1	0	0	1	1	0	0	1	0	1	1	1	1	0	1	0	1	1	1	0	0	1	2	1	1	0	1	0	0	0	0	0	0	0	0	1	0	1	0	1	0	1	0	0	0	1	0	1	1	0	0	0	1	0	0	0	0	0	0	1
"781"	"X2"	90	1	0	0	0	0	1	0	2	1	0	0	1	0	0	0	2	1	1	2	0	2	0	0	2	0	0	1	0	1	0	0	0	1	0	1	1	1	2	0	0	0	0	0	0	1	1	1	0	0	1	1	2	2	1	1	2	0	0	0	0	1	0	1	0	0	1	0	0	0	0	0	0	1	0	0	1	0	0	1	1	0	0	0	1	0	0	1
"463"	"X2"	89	0	1	0	0	0	0	0	1	0	0	2	1	2	0	0	1	1	1	1	0	1	1	0	1	1	0	1	0	1	0	1	1	1	0	1	0	0	2	0	0	1	0	1	1	0	1	1	0	0	2	1	1	0	2	1	0	0	0	0	0	0	0	2	0	1	0	0	0	0	0	1	0	1	0	0	0	2	0	0	1	0	1	2	0	1	0	0
"531"	"X2"	74	1	1	1	1	0	0	0	1	1	0	2	1	0	1	1	1	1	0	1	0	0	1	0	0	1	1	0	1	0	0	1	0	2	0	1	1	0	1	1	1	0	1	0	2	0	1	1	0	0	2	0	1	0	0	1	0	0	0	0	1	1	0	0	0	1	1	0	1	0	0	1	0	1	0	1	0	0	0	1	1	1	0	2	2	2	0	1
"226"	"X2"	81	0	0	1	0	0	0	1	1	2	0	0	0	1	1	0	2	0	1	1	1	1	0	1	0	0	0	0	0	0	0	1	1	1	1	2	1	1	1	0	0	0	0	0	2	0	2	1	1	1	2	0	1	1	1	0	0	1	0	0	1	0	0	1	0	2	0	0	0	0	0	2	0	0	0	0	0	0	0	1	0	0	0	0	0	0	1	0
"511"	"X2"	68	1	0	2	0	0	1	0	0	0	0	1	1	0	2	1	0	0	0	1	1	0	1	1	1	0	0	1	0	0	0	1	1	0	0	1	1	0	0	0	0	1	0	0	1	0	0	0	0	2	1	1	1	0	1	1	1	0	0	0	0	1	1	0	1	1	1	1	0	0	0	0	0	2	0	1	0	1	0	1	0	0	1	0	1	1	0	0
"679"	"X2"	82	0	1	1	1	0	0	1	2	0	0	1	0	1	0	1	0	1	0	1	0	1	0	0	1	0	0	0	1	0	1	0	1	2	0	1	1	0	1	2	1	0	1	0	1	0	1	0	1	0	1	1	1	1	1	1	0	0	0	0	0	1	0	0	0	0	1	1	0	0	1	0	1	0	2	0	0	0	1	0	1	0	1	1	0	1	0	0
"768"	"X2"	85	0	0	0	2	0	0	0	0	0	0	1	1	1	1	0	1	0	1	0	0	0	0	0	0	0	1	0	1	0	0	1	2	0	0	0	0	0	2	1	0	1	1	0	0	0	0	1	1	1	2	1	1	0	1	2	2	0	0	0	0	1	0	1	1	1	0	0	1	1	1	0	0	0	0	2	0	0	0	2	0	0	1	0	0	0	0	0
"992"	"X2"	78	1	0	0	1	0	0	0	1	0	0	0	0	0	0	1	0	0	0	1	0	0	0	0	2	0	0	0	1	1	0	1	0	1	0	2	1	0	1	2	0	0	0	0	0	0	2	0	1	1	1	2	1	1	1	1	0	0	0	0	0	2	0	1	0	0	1	0	0	0	0	0	1	0	1	1	0	0	1	1	1	0	0	0	1	1	0	2
"651"	"X2"	83	1	1	1	2	1	1	0	1	0	0	1	0	0	0	0	1	1	0	1	1	0	0	1	0	1	0	1	0	1	1	1	0	1	0	0	0	1	1	0	2	0	0	0	0	0	1	0	2	0	0	1	1	0	1	1	1	0	1	0	0	1	0	0	1	0	0	1	0	0	1	0	1	0	0	0	2	0	0	0	0	0	0	0	0	1	0	0
"527"	"X2"	90	0	1	0	0	0	0	1	0	0	0	1	1	1	1	0	1	1	1	1	1	0	0	1	0	0	1	0	1	0	0	0	1	2	0	0	1	1	1	1	0	0	1	0	1	0	0	0	0	0	0	0	1	0	1	1	0	0	1	0	0	1	0	0	0	2	0	1	0	1	0	0	0	1	0	1	0	1	1	0	1	0	1	1	1	0	0	1
"49"	"X2"	83	0	0	0	0	1	0	1	2	1	1	1	0	2	1	0	2	1	1	1	0	0	0	0	2	1	1	0	1	0	0	0	1	0	0	1	1	1	1	1	1	0	1	0	1	0	0	0	0	0	0	2	1	0	1	0	1	0	0	0	0	2	0	0	0	1	0	1	0	0	0	1	1	0	0	0	0	0	0	0	1	0	0	0	0	0	0	1
"500"	"X2"	77	0	0	0	0	0	0	1	0	0	0	1	2	1	0	1	0	1	0	0	0	1	0	0	1	0	0	1	0	1	1	1	1	1	0	1	2	2	0	1	0	0	1	0	0	0	0	0	2	0	2	1	0	0	0	0	0	0	1	0	0	1	0	0	1	1	1	0	1	0	0	0	0	1	0	0	0	0	1	1	0	1	1	1	2	0	0	1
"322"	"X2"	86	0	1	0	1	0	0	0	0	0	0	0	0	0	0	0	1	2	0	1	2	0	0	1	1	1	0	0	0	0	0	0	0	0	0	0	1	1	1	0	1	0	2	0	1	0	0	0	2	0	2	1	1	0	1	0	0	1	0	0	1	1	0	0	1	0	0	1	0	0	0	0	0	0	0	0	0	0	0	2	0	0	1	0	0	0	0	1
"148"	"X2"	90	0	0	2	0	0	0	0	1	0	0	2	0	1	2	1	0	0	2	0	1	0	0	1	1	1	0	1	0	1	0	2	2	0	1	0	1	0	2	0	1	0	0	1	0	0	0	1	1	0	2	0	0	1	0	0	1	0	0	0	0	1	1	0	1	0	0	1	0	1	0	0	0	1	0	0	0	1	1	0	0	0	1	1	1	1	0	1
"895"	"X2"	90	0	1	0	1	1	1	0	1	0	0	1	1	0	1	0	0	1	0	1	1	0	0	1	0	0	0	1	0	1	0	2	2	0	0	1	1	0	1	2	1	1	1	0	1	1	0	0	1	0	0	1	1	0	2	1	0	0	0	0	0	1	0	0	0	1	0	1	1	1	1	0	0	0	0	1	1	0	0	0	0	0	0	0	1	0	0	2
"789"	"X2"	59	1	1	0	1	0	1	1	2	0	0	1	0	0	0	0	0	1	0	0	1	0	0	1	0	1	0	1	0	1	1	0	2	0	0	1	1	0	0	0	1	0	0	0	0	0	0	0	1	0	1	0	1	0	2	0	1	1	0	0	0	2	0	0	1	0	1	1	0	0	0	0	0	0	0	0	1	0	0	1	0	0	2	1	1	1	0	1
"570"	"X2"	88	0	2	0	0	0	0	1	1	0	0	1	1	0	1	1	0	0	0	1	1	0	0	1	1	2	1	0	1	0	0	1	1	1	0	0	1	0	0	1	0	0	1	1	1	0	1	1	1	1	1	0	0	1	1	2	0	0	0	0	1	0	0	0	1	1	0	1	0	0	0	1	0	1	0	0	0	0	0	2	0	0	2	0	2	0	0	0
"832"	"X2"	83	0	1	0	0	1	1	0	1	1	1	1	0	0	0	0	1	0	0	1	0	1	1	0	1	1	0	1	0	1	0	1	2	1	0	1	1	1	1	0	0	0	1	0	0	0	1	1	0	0	1	0	1	2	1	2	2	0	0	0	1	1	0	1	0	0	1	0	0	0	1	0	0	1	0	0	1	1	0	2	0	0	2	1	1	1	0	2
"221"	"X2"	89	1	0	0	0	1	1	0	1	0	1	1	2	0	1	0	0	0	1	2	1	0	0	0	0	0	0	1	0	1	0	1	0	2	0	0	1	1	0	0	0	0	0	0	2	0	1	1	0	0	1	1	2	1	0	0	0	0	0	0	0	1	1	1	0	2	0	2	1	1	1	0	0	0	0	1	0	0	0	1	0	0	0	1	1	0	0	0
"867"	"X2"	73	0	0	0	0	0	0	0	0	1	0	1	0	1	0	0	0	0	0	2	0	1	0	0	1	0	1	0	1	0	0	2	2	2	0	0	1	1	1	0	0	0	2	0	2	2	0	2	0	0	0	2	1	0	0	1	0	0	0	0	1	1	0	2	0	0	0	0	0	0	1	0	0	0	0	1	0	0	0	1	0	0	1	0	0	0	0	1
"718"	"X2"	75	0	2	0	1	1	1	0	2	0	0	1	1	0	0	0	0	2	0	0	1	1	0	0	0	0	1	0	1	0	0	1	1	0	0	1	0	1	1	2	1	0	0	0	1	0	0	1	1	0	0	1	1	1	1	1	1	0	1	0	0	1	0	0	1	1	0	2	1	0	0	1	0	0	0	1	0	0	1	0	0	0	1	0	1	1	0	1
"640"	"X2"	88	0	1	0	1	0	0	1	2	0	0	1	0	0	1	0	0	1	1	1	0	0	0	0	2	1	0	0	0	1	0	1	0	0	0	0	1	0	0	1	1	1	1	1	0	0	1	0	0	0	1	1	1	0	0	1	0	0	0	0	0	1	1	0	1	0	1	1	1	0	0	0	1	1	0	2	0	0	0	2	0	0	0	0	2	1	0	0
"612"	"X2"	90	1	1	1	0	0	1	0	1	0	0	1	2	1	0	1	0	1	1	1	0	1	1	0	1	0	1	1	0	1	0	1	1	1	0	2	0	0	1	0	0	0	2	0	1	0	1	0	0	0	0	1	2	1	1	2	0	0	0	0	0	1	2	1	1	0	0	1	0	0	0	0	0	2	0	0	1	0	1	2	1	0	0	1	0	1	0	1
"671"	"X2"	89	1	0	0	1	0	0	0	2	0	0	1	1	0	0	1	0	2	0	2	0	1	1	0	1	1	1	0	1	0	0	1	2	1	1	1	2	1	2	2	1	0	0	0	2	0	1	0	2	1	1	1	0	1	0	0	0	0	0	0	1	1	0	2	0	1	0	0	0	0	0	0	1	1	0	1	0	0	0	2	0	1	0	0	0	1	0	1
"913"	"X2"	90	0	0	1	1	0	0	0	0	0	1	0	1	0	0	1	1	1	0	0	0	0	0	0	0	0	0	0	0	0	0	1	2	1	0	1	0	1	0	0	1	0	0	1	1	0	0	0	1	0	1	0	1	1	2	1	1	0	0	0	0	1	1	0	0	1	0	1	0	1	0	0	0	1	0	0	0	0	0	0	0	0	0	1	1	1	0	0
"213"	"X2"	88	1	1	1	1	0	0	1	2	0	0	2	0	0	1	1	1	1	1	1	0	0	1	0	1	0	1	0	1	0	0	1	0	0	1	1	1	0	1	1	1	0	1	0	1	0	2	0	0	0	1	1	1	1	0	1	0	1	0	0	0	1	0	1	0	1	0	0	0	0	0	0	0	0	0	0	0	0	0	1	0	0	1	1	0	0	1	1
"968"	"X2"	79	0	1	0	0	0	0	1	1	0	0	2	1	2	1	0	0	0	0	0	2	0	0	2	1	0	0	0	0	0	0	1	1	2	0	0	0	0	1	0	1	1	1	1	0	0	1	0	0	1	0	1	1	1	1	1	1	0	0	1	1	0	0	1	0	1	0	0	0	0	0	1	0	0	0	1	0	1	0	0	0	1	1	1	0	2	0	0
"635"	"X2"	90	0	0	2	1	0	0	0	1	0	0	2	1	0	1	0	0	1	1	2	0	0	0	0	0	0	0	1	0	0	0	1	1	1	0	1	0	2	0	1	0	0	2	0	1	1	0	2	1	1	1	1	1	0	0	2	1	1	1	0	0	1	0	1	0	1	0	0	1	0	1	0	0	1	0	0	1	0	1	0	1	0	0	0	0	0	0	1
"759"	"X2"	76	0	0	0	0	0	1	0	1	1	1	1	2	0	1	1	0	0	1	2	0	1	1	0	0	1	0	0	2	0	0	1	1	2	0	1	1	1	1	0	0	0	1	0	0	0	0	2	0	0	2	2	1	0	1	0	0	0	0	0	0	0	1	1	1	0	0	1	0	0	1	0	0	0	1	1	0	1	0	2	0	0	1	0	0	1	2	2
"237"	"X2"	86	1	1	1	1	0	0	0	1	0	0	2	1	1	0	0	1	0	1	1	1	0	0	0	0	0	1	1	0	0	0	1	0	1	0	0	0	0	0	2	1	1	0	0	1	0	0	1	2	0	0	0	1	1	1	2	1	0	0	0	1	1	0	1	0	1	0	0	0	0	1	0	1	0	0	1	0	0	0	0	0	0	0	0	0	0	0	0
"681"	"X2"	90	1	1	0	1	0	1	0	2	1	0	0	1	1	1	1	0	1	1	2	1	0	1	0	1	1	0	0	1	0	0	2	2	0	0	1	2	0	1	2	1	0	1	1	0	0	1	0	1	0	2	0	1	0	0	0	0	1	0	0	1	1	0	1	0	1	1	1	0	0	1	1	0	1	1	0	0	0	0	1	1	0	2	0	1	1	0	0
"247"	"X2"	84	0	1	0	1	0	0	0	0	1	0	0	1	0	0	1	0	1	1	0	0	0	0	0	0	0	1	0	0	0	1	2	2	0	0	0	0	0	0	1	1	0	0	0	0	0	0	1	2	0	1	2	0	0	0	1	0	1	0	0	1	0	0	0	0	1	0	0	0	1	1	0	0	1	0	1	0	0	0	1	1	0	2	2	1	0	1	1
"174"	"X2"	83	1	1	0	1	0	0	1	1	0	0	0	0	0	1	0	1	0	1	2	0	0	0	0	0	0	0	0	0	0	0	2	0	2	0	1	0	0	0	2	0	0	1	0	0	0	0	0	1	0	1	2	0	0	1	1	0	0	0	0	0	2	2	0	0	0	2	0	1	0	0	0	0	2	0	1	0	0	0	1	0	0	0	2	1	0	0	1
"849"	"X2"	80	0	1	0	0	0	0	0	1	0	0	1	0	0	1	0	1	1	1	2	0	0	1	0	2	1	0	0	0	0	0	0	0	1	0	1	1	0	1	0	1	1	1	0	1	1	1	0	0	0	1	2	2	0	1	1	1	0	0	0	0	1	0	1	0	0	0	0	0	0	1	0	0	0	1	1	0	1	0	1	0	0	2	0	1	1	0	1
"750"	"X2"	64	1	0	0	1	0	0	1	1	0	1	1	0	0	2	1	1	1	1	2	1	1	0	0	1	0	0	0	0	0	0	2	0	2	0	0	0	2	1	0	0	0	2	1	0	0	2	0	0	0	1	0	0	0	1	0	0	0	0	0	0	1	0	0	1	0	0	1	0	0	1	0	1	0	0	1	0	0	1	0	0	0	1	1	2	1	0	0
"1034"	"X2"	82	1	0	0	1	0	0	1	0	1	0	1	1	1	0	0	0	0	0	0	1	0	0	1	1	0	0	0	2	0	0	2	1	1	0	0	1	1	0	0	0	0	1	1	0	0	0	1	0	0	2	2	1	1	1	1	2	0	0	0	0	2	0	0	0	0	1	0	0	0	0	0	1	1	0	0	1	0	0	1	0	1	1	2	0	1	0	1
"259"	"X2"	90	1	1	0	1	0	0	0	0	0	0	2	0	0	1	0	0	0	0	2	0	2	0	0	1	0	0	1	1	1	0	1	1	1	0	2	1	1	2	1	1	1	2	0	0	0	1	1	1	0	2	0	1	0	1	1	0	0	0	0	0	2	0	0	0	0	2	1	0	0	0	0	1	0	1	0	0	1	0	1	0	0	2	1	1	1	0	0
"893"	"X2"	90	1	0	1	0	0	1	1	2	0	0	1	1	0	0	0	0	1	1	1	1	1	1	1	1	0	0	1	0	1	0	2	2	2	0	1	1	1	1	1	1	0	1	0	0	0	0	1	1	1	2	0	1	1	0	2	1	0	0	0	0	1	1	0	1	1	0	1	0	0	0	1	0	1	1	0	0	0	1	1	1	0	1	0	1	1	1	1
"983"	"X2"	88	0	0	0	1	0	1	1	1	1	0	0	1	0	0	0	1	1	1	0	0	0	0	0	0	0	1	1	1	1	0	0	1	2	0	2	1	0	0	1	0	0	1	0	1	0	1	0	0	0	1	2	0	0	2	1	0	1	1	0	1	1	0	0	0	2	0	1	1	0	1	0	0	0	0	0	0	0	0	1	1	0	0	0	0	0	0	1
"269"	"X2"	82	0	0	0	0	1	1	1	2	0	0	1	2	0	0	1	1	1	0	1	0	0	1	0	1	1	1	0	1	0	0	1	1	2	0	1	2	2	1	0	1	1	1	0	1	1	2	0	2	0	2	1	0	0	0	1	1	0	0	0	0	1	0	1	0	0	1	0	0	0	1	0	0	1	0	0	0	0	0	1	1	0	2	0	0	1	0	1
"451"	"X2"	90	1	0	2	0	0	0	0	1	0	1	1	0	0	0	0	1	0	1	2	1	1	1	1	1	2	0	2	0	2	1	0	1	0	0	1	1	1	0	1	0	0	0	1	1	0	0	0	1	1	0	1	0	0	0	1	0	0	0	0	1	1	0	0	1	1	0	1	1	0	0	0	0	0	0	0	1	0	0	1	0	0	0	0	1	0	0	1
"158"	"X2"	86	0	2	0	0	0	0	0	0	0	0	1	1	0	0	1	0	1	2	0	0	2	1	0	0	0	1	0	1	0	0	2	1	0	0	1	1	1	1	0	0	0	0	0	0	1	1	1	1	0	0	1	0	0	0	0	1	0	0	0	1	0	0	2	0	0	0	0	0	0	0	0	1	0	0	1	0	0	0	1	1	0	2	0	0	2	1	1
"504"	"X2"	90	0	0	0	1	0	0	1	0	0	0	2	1	0	0	1	0	0	0	1	0	0	0	0	0	0	1	0	0	0	0	2	2	1	0	1	1	2	0	2	1	0	0	1	1	0	0	2	0	0	2	0	2	0	1	0	2	0	1	1	1	0	0	0	0	2	0	0	0	0	0	2	0	0	0	1	1	1	0	0	0	1	1	1	0	1	0	1
"1046"	"X2"	83	0	0	1	1	0	0	1	1	0	0	2	1	1	0	1	1	0	1	1	0	0	0	0	2	1	1	0	1	0	0	1	1	1	0	0	0	2	1	1	0	0	0	1	1	0	0	2	0	0	2	0	2	0	0	2	1	0	0	0	1	0	0	1	0	0	1	0	0	0	0	0	0	2	1	0	0	1	0	1	2	0	1	0	0	1	0	0
"1012"	"X2"	85	1	1	0	2	0	0	0	1	0	0	2	1	1	0	0	1	1	0	0	0	0	0	0	0	0	1	1	1	1	0	0	1	1	0	1	2	0	1	1	0	0	0	1	0	0	1	0	0	1	1	0	2	1	1	2	0	0	0	0	0	0	1	1	0	0	0	1	0	1	1	0	0	0	0	0	0	0	0	1	0	1	2	1	0	1	0	2
"582"	"X2"	81	0	0	0	0	0	1	1	2	1	1	0	0	1	0	2	0	1	0	1	0	1	0	0	1	0	0	1	0	1	1	1	2	1	0	0	1	1	2	0	0	0	1	0	2	0	0	2	1	1	0	0	0	0	2	0	0	0	0	0	0	1	0	1	0	1	0	1	0	1	2	0	0	0	0	1	0	0	1	1	1	0	0	1	1	0	0	0
"664"	"X2"	85	0	2	0	0	0	0	0	1	0	0	1	1	2	0	2	0	1	1	0	1	0	0	1	1	1	2	0	2	0	0	1	0	1	0	0	0	1	1	1	0	0	1	1	1	0	1	0	1	1	1	1	1	1	1	1	0	0	0	0	0	1	1	0	1	0	0	1	0	0	0	0	0	1	0	1	1	1	1	1	1	0	0	2	1	0	0	1
"990"	"X2"	80	0	0	0	0	1	1	0	1	1	0	0	1	0	1	0	1	1	0	1	0	0	0	0	1	0	1	0	1	0	0	2	2	1	0	0	0	1	0	0	0	0	1	0	0	0	1	0	1	0	2	0	1	1	2	1	0	1	0	0	1	0	0	1	0	0	1	0	0	0	1	0	0	1	0	0	0	0	0	1	0	0	0	1	0	0	0	0
"783"	"X2"	88	0	1	1	0	0	0	0	1	0	0	1	1	0	0	1	0	1	0	2	0	1	2	0	1	0	0	0	0	0	0	1	0	0	1	1	0	1	2	0	1	2	0	1	0	0	1	0	0	0	0	0	0	0	0	0	1	1	0	1	0	0	0	1	1	0	0	0	1	0	0	0	0	1	0	1	1	0	1	1	0	0	1	1	1	1	1	2
"312"	"X2"	77	1	1	1	2	1	1	0	2	0	0	1	1	0	1	1	1	1	0	1	0	1	0	0	0	0	0	1	0	2	0	0	0	1	0	0	1	1	0	1	0	0	1	0	1	0	0	2	2	2	1	0	0	0	0	2	0	0	0	0	0	2	0	0	0	0	2	0	1	0	0	0	0	2	0	0	1	0	0	1	1	0	1	0	0	1	0	0
"375"	"X2"	65	1	1	0	0	0	0	0	1	0	0	2	1	0	1	1	0	1	1	1	1	1	1	1	1	1	0	0	0	0	0	1	1	0	1	0	0	1	1	0	0	0	0	1	1	0	0	2	0	0	1	0	1	1	1	1	0	0	0	0	1	0	0	2	0	1	0	1	0	0	0	0	0	1	0	0	1	1	0	1	0	0	2	0	1	1	0	1
"790"	"X2"	87	0	0	0	0	0	1	0	1	0	0	2	1	1	0	1	1	1	0	1	0	2	1	0	1	0	1	0	0	0	0	1	1	1	0	0	0	0	1	2	0	0	0	0	2	0	0	1	0	0	0	1	1	1	1	2	1	0	0	0	0	1	0	0	1	1	0	2	0	1	0	0	0	0	0	1	0	0	0	0	0	0	0	0	0	0	0	0
"707"	"X2"	90	0	1	1	0	0	1	0	0	0	0	1	2	0	0	0	1	1	0	0	0	0	0	0	1	0	1	0	1	0	0	1	2	2	0	1	0	0	1	1	1	0	1	1	1	0	0	2	2	0	1	1	2	1	0	2	0	0	0	0	1	1	0	1	1	0	0	1	0	0	1	0	0	0	0	1	1	0	0	0	0	0	0	0	1	2	0	0
"1060"	"X2"	83	0	0	2	0	1	0	1	1	0	0	1	0	1	0	0	2	2	0	1	1	0	0	0	1	1	0	1	0	1	0	1	1	1	1	2	1	0	0	1	1	0	1	0	0	0	1	0	0	1	1	1	1	0	1	0	0	1	0	0	1	0	0	2	0	0	0	0	0	0	1	0	0	0	0	1	0	0	0	1	1	1	0	0	0	0	0	1
"601"	"X2"	79	1	1	0	0	1	1	0	2	0	0	2	1	1	0	0	1	1	0	1	1	0	0	1	1	0	1	1	1	0	0	2	2	0	0	0	0	1	1	2	0	0	1	2	0	0	0	0	0	0	1	0	1	1	2	2	1	0	1	0	0	2	0	1	0	1	0	2	1	0	0	0	0	1	0	1	0	1	0	2	0	0	1	1	1	1	1	1
"974"	"X2"	90	1	0	1	0	1	1	1	2	0	0	1	0	1	0	0	1	0	0	1	0	1	1	0	2	2	0	0	1	0	0	2	1	1	0	0	1	1	1	0	1	1	1	1	1	0	1	1	1	0	0	1	1	0	0	1	0	2	0	0	2	0	0	2	0	0	0	0	0	0	2	0	0	0	0	1	0	0	1	1	0	0	0	1	1	1	1	1
"234"	"X2"	75	0	0	0	0	0	0	1	1	1	0	1	1	1	0	0	0	1	1	0	2	0	0	2	1	2	1	1	1	1	0	2	2	2	0	1	0	1	1	1	0	0	0	1	1	0	2	0	1	0	1	0	1	2	2	1	1	0	0	0	2	0	0	1	1	1	0	2	0	0	0	0	0	1	0	1	1	0	0	1	0	1	1	2	1	0	0	0
"813"	"X2"	79	0	0	0	1	0	0	0	1	1	0	1	1	0	0	0	2	2	2	1	0	1	0	0	0	0	1	0	2	0	0	2	1	1	1	1	1	0	0	0	0	1	2	0	1	1	0	0	1	0	0	1	0	0	2	1	0	0	0	0	1	0	0	1	0	0	0	0	0	0	2	0	0	0	1	0	0	0	1	0	1	0	0	1	1	1	0	2
"441"	"X2"	90	1	0	1	0	0	0	0	0	0	0	1	0	1	0	0	0	1	0	2	1	0	0	1	2	1	2	0	2	0	0	0	0	0	0	2	1	2	2	1	1	0	0	1	1	0	1	0	1	0	0	1	1	0	0	1	1	0	0	0	0	1	0	2	0	0	0	1	0	0	0	0	0	1	1	0	0	1	0	1	0	0	1	1	1	1	0	0
"182"	"X2"	82	1	1	0	1	0	1	0	2	0	0	2	1	0	2	0	1	2	1	1	0	1	0	0	0	0	1	0	1	0	0	0	1	1	0	1	0	0	1	1	1	0	1	0	1	0	1	2	1	0	1	1	1	1	0	1	1	0	1	0	0	1	0	1	1	1	0	2	0	0	1	0	0	0	0	0	0	1	0	0	0	0	1	1	1	0	0	0
"1037"	"X2"	84	1	1	0	1	0	1	1	1	0	0	1	1	0	0	0	0	1	0	1	0	1	0	0	1	0	0	2	0	1	0	1	1	1	0	0	1	1	1	1	0	0	1	1	2	0	2	1	0	0	0	2	0	0	1	0	0	0	0	0	0	2	0	0	0	1	0	1	1	0	0	0	0	0	0	0	0	0	0	2	1	1	1	2	0	1	0	2
"871"	"X2"	84	0	0	1	0	0	0	0	0	1	0	1	1	0	1	0	0	0	1	2	0	0	0	0	0	1	0	0	0	0	0	0	0	0	0	0	0	1	0	0	0	0	2	1	1	0	1	1	0	1	1	2	0	1	1	1	1	1	1	0	2	0	0	2	0	1	0	1	0	0	1	0	0	0	0	0	0	0	1	2	1	0	0	2	0	0	0	1
"60"	"X2"	83	1	0	1	0	0	0	1	1	1	1	0	0	1	1	0	0	0	0	0	1	0	0	1	0	0	1	0	2	0	0	0	1	1	0	2	1	1	0	2	1	0	1	0	0	0	0	0	1	0	1	0	0	1	0	1	0	0	1	0	1	2	1	1	1	0	0	1	1	0	0	0	0	2	0	1	0	1	0	1	1	0	1	0	0	0	0	1
"583"	"X2"	87	1	1	0	0	0	1	0	2	1	0	1	2	0	0	0	1	0	1	2	1	1	0	0	1	0	0	0	0	0	0	1	0	2	0	0	1	1	0	0	1	0	0	1	1	1	0	1	0	0	0	1	1	0	0	1	1	0	0	0	0	1	0	0	2	0	0	2	0	0	0	0	0	0	0	0	0	0	1	0	0	0	1	0	0	1	0	1
"194"	"X2"	43	1	0	1	1	0	0	0	1	1	0	0	0	0	0	0	0	2	0	1	0	1	1	0	1	1	0	1	0	1	1	0	2	1	0	2	1	2	2	2	0	1	0	0	1	0	0	1	0	0	2	0	0	0	0	1	1	0	0	0	2	1	0	2	0	1	0	0	0	0	0	0	0	1	0	0	1	0	0	2	0	0	1	0	1	0	0	1
"730"	"X2"	80	0	0	0	0	0	0	0	0	2	2	0	0	1	0	0	1	1	0	2	0	0	0	0	1	1	0	1	0	1	1	0	1	1	0	0	0	1	0	0	0	0	2	1	1	0	1	1	1	0	1	2	0	0	0	0	0	1	0	0	1	0	0	0	0	1	0	0	1	0	1	0	1	0	0	0	1	0	1	0	1	1	0	0	0	0	0	0
"757"	"X2"	87	0	2	0	0	0	0	0	1	1	1	2	2	0	0	0	1	1	2	1	0	0	1	0	1	0	1	1	1	1	0	0	0	0	0	2	1	0	0	2	1	1	0	0	0	0	0	2	0	1	1	0	1	1	1	1	1	0	0	0	1	1	1	1	0	0	0	0	2	0	0	0	0	2	0	1	1	1	0	1	0	0	2	0	1	1	0	1
"929"	"X2"	76	1	0	1	0	0	0	0	1	2	0	0	1	1	1	0	0	1	1	2	1	1	1	0	1	0	1	0	1	0	0	1	0	0	0	0	1	1	0	0	1	0	1	0	0	0	0	0	1	0	2	0	1	0	2	1	0	0	0	0	0	1	0	2	1	0	0	0	2	0	0	0	0	1	0	1	0	1	1	1	0	0	1	1	0	0	0	0
"1103"	"X2"	90	0	0	0	1	0	0	1	0	0	0	0	0	0	0	2	0	1	1	1	0	0	0	0	1	1	1	0	2	0	0	1	1	0	0	0	0	1	0	0	0	0	2	1	1	0	1	1	0	0	1	1	1	1	1	1	0	0	0	0	1	1	0	0	1	1	0	1	0	1	0	0	0	1	0	0	1	0	1	0	1	0	0	1	1	0	0	1
"590"	"X2"	90	0	1	0	1	0	0	0	1	1	1	1	1	1	1	0	0	1	1	0	0	0	0	0	1	1	1	1	1	1	1	1	2	0	1	2	1	1	0	2	1	0	2	0	1	0	0	2	1	0	0	1	0	1	2	2	0	0	0	0	0	1	0	1	0	0	1	0	0	0	1	0	0	1	1	0	0	0	0	1	1	1	1	1	1	1	0	0
"164"	"X2"	83	0	0	0	0	0	2	0	2	0	0	2	0	0	0	0	1	1	0	1	0	0	0	0	0	0	0	0	1	0	0	1	1	1	0	1	0	1	1	0	1	0	0	1	1	0	1	1	1	0	2	1	1	1	1	1	1	0	0	0	1	1	0	1	0	1	0	1	1	0	0	0	0	1	0	0	0	0	0	1	1	2	0	1	0	1	0	1
"756"	"X2"	77	0	0	1	1	0	0	1	0	1	0	0	0	1	0	1	0	0	0	0	0	0	0	0	1	0	0	1	0	1	0	1	2	1	0	1	0	0	1	0	1	0	0	1	0	0	0	1	0	0	2	2	2	0	0	1	1	0	0	0	0	2	0	1	0	1	1	2	0	0	0	0	1	1	1	0	0	0	0	1	0	0	1	1	1	0	0	2
"1069"	"X2"	88	0	1	0	2	0	1	0	2	0	0	1	1	2	0	0	0	1	0	2	0	2	1	0	1	0	0	0	0	0	1	0	0	1	0	1	1	2	2	2	2	0	1	2	1	0	1	0	1	0	2	0	2	0	2	0	0	1	0	0	1	0	0	1	1	0	0	1	0	0	1	0	0	1	1	0	0	0	0	2	1	0	0	1	0	2	1	1
"130"	"X2"	90	1	0	0	2	0	1	0	1	0	0	1	0	1	2	0	1	0	0	0	0	0	0	0	0	0	1	0	1	0	0	0	1	1	0	0	0	1	1	0	1	0	1	1	1	0	0	0	1	0	1	0	0	1	0	1	1	0	0	1	0	0	0	1	1	1	0	0	0	1	1	1	0	0	0	2	0	1	0	0	0	0	1	1	0	0	1	1
"274"	"X2"	90	1	0	2	0	0	0	1	1	1	0	0	0	1	0	0	1	1	1	1	0	0	0	0	0	0	2	0	1	0	0	0	0	0	0	1	0	1	0	0	0	0	0	0	1	0	2	1	0	0	1	0	2	0	0	0	1	0	0	0	1	1	1	1	1	0	0	0	1	0	0	0	0	1	1	0	0	0	0	1	0	0	1	1	0	0	0	1
"1084"	"X2"	72	0	1	0	0	1	1	0	2	0	0	2	1	0	2	1	0	1	2	1	0	1	1	0	1	0	1	0	1	0	0	2	1	0	1	2	0	1	0	2	1	0	1	0	1	0	1	1	0	0	0	2	2	0	1	1	1	0	0	0	0	2	0	1	0	0	1	0	0	0	0	0	0	0	0	0	0	0	0	2	0	1	1	1	0	1	0	1
"184"	"X2"	79	0	1	0	0	0	0	1	2	0	0	1	1	0	1	0	1	2	1	2	0	1	1	0	1	2	0	0	0	0	0	1	2	1	1	1	0	2	0	1	0	0	1	1	1	0	0	0	1	0	0	1	1	2	1	1	1	0	0	0	1	0	0	0	0	0	0	0	0	0	2	0	0	1	0	0	2	0	0	1	1	0	1	1	1	1	0	1
"518"	"X2"	90	1	0	1	0	1	0	1	0	2	0	0	0	1	0	0	0	1	0	0	1	0	1	0	0	0	1	0	1	0	0	0	0	1	0	1	0	1	2	0	0	1	0	0	0	0	0	1	0	1	1	0	1	1	1	0	0	1	0	0	1	2	0	1	1	0	0	0	0	0	0	0	0	1	0	0	1	0	0	1	1	0	1	1	0	2	0	1
"982"	"X2"	77	1	2	0	0	0	0	0	1	0	0	1	0	0	0	2	0	1	0	1	0	1	1	0	1	0	0	0	0	0	0	1	1	1	0	1	0	0	1	0	1	0	0	0	1	0	0	0	0	0	1	1	0	0	1	1	1	0	1	0	1	1	0	2	0	0	0	1	0	0	1	0	0	1	0	0	1	0	1	1	0	0	0	0	0	0	0	0
"1074"	"X2"	81	0	1	0	0	0	1	0	2	1	1	1	0	0	0	2	0	1	0	0	0	0	0	1	0	0	0	2	0	1	1	1	1	0	1	0	1	1	2	1	1	0	0	0	1	1	2	0	0	0	2	0	1	1	2	2	2	0	1	0	1	1	1	1	1	1	0	2	0	0	0	0	0	1	0	0	0	0	0	0	0	1	1	1	1	0	0	1
"828"	"X2"	83	1	1	0	0	1	0	1	2	1	0	0	1	0	0	1	0	0	0	1	1	1	1	1	2	0	2	0	2	0	0	1	0	0	0	0	0	1	1	2	1	0	1	0	1	1	1	1	1	0	1	2	0	0	0	0	0	1	0	0	1	0	1	1	0	0	0	1	0	0	0	0	0	1	0	0	0	0	0	1	1	1	0	0	0	1	0	1
"602"	"X2"	90	1	1	0	0	0	0	1	1	1	0	0	1	1	0	0	2	2	0	0	0	0	0	0	1	1	0	1	0	1	0	2	2	1	0	1	2	0	1	0	1	1	0	0	0	0	0	1	0	0	1	1	2	1	0	1	0	0	0	0	0	0	0	0	0	1	0	0	0	0	1	0	0	1	0	0	0	1	0	1	0	0	2	2	0	1	0	0
"332"	"X2"	77	0	0	0	0	0	0	0	0	0	0	2	1	1	1	1	0	0	0	0	0	0	0	0	1	0	0	0	1	0	0	1	1	0	0	0	0	0	2	1	0	0	0	0	1	0	1	0	0	0	1	2	1	0	0	1	0	0	0	0	0	1	0	0	1	1	0	1	0	1	1	0	0	1	0	0	0	0	1	1	0	0	0	1	0	1	1	1
"298"	"X2"	80	0	0	2	1	0	0	0	0	0	0	1	1	1	0	0	0	0	0	0	1	0	0	1	2	2	0	1	0	1	1	2	1	2	0	1	0	2	2	0	1	0	0	1	0	1	0	0	0	0	1	1	0	0	1	1	1	1	0	0	0	1	0	0	0	1	0	1	1	0	1	0	0	0	0	1	1	0	0	0	0	0	0	1	1	1	1	2
"313"	"X2"	88	1	0	1	0	0	0	1	1	0	0	2	0	0	1	1	1	1	1	1	0	0	0	0	0	0	0	1	0	0	0	1	1	0	0	0	0	1	1	1	0	0	0	0	1	0	0	1	0	0	1	1	2	1	1	2	0	0	0	0	0	1	0	0	0	1	1	0	0	0	0	1	1	0	0	1	0	0	0	1	1	0	1	0	0	2	0	2
"125"	"X2"	90	1	1	0	1	0	0	1	1	0	0	1	1	0	0	1	0	0	1	1	0	0	0	0	1	1	1	1	1	1	0	1	1	1	0	0	1	0	1	1	0	1	0	0	0	0	0	0	2	0	1	1	2	0	0	1	1	0	1	0	0	0	0	1	1	0	0	1	0	0	1	0	0	0	0	0	0	0	1	1	0	0	2	1	0	0	0	0
"315"	"X2"	89	0	1	1	0	0	1	0	0	0	0	1	0	0	0	0	0	1	0	0	0	0	0	0	1	1	0	1	0	1	0	2	1	0	0	0	0	2	1	2	1	1	1	0	0	0	0	0	1	0	1	0	1	1	0	0	0	0	0	0	1	0	0	1	0	1	0	0	1	0	0	0	0	1	0	0	0	0	0	2	1	0	0	0	0	0	0	0
"3"	"X2"	90	1	0	0	1	0	0	0	1	1	0	1	1	0	1	0	0	1	1	1	2	0	0	1	1	1	0	0	0	0	0	1	2	1	0	1	0	1	0	0	1	1	1	1	1	0	0	0	2	0	1	0	1	1	0	1	1	1	0	0	1	1	0	1	0	0	1	0	0	0	1	0	0	0	0	0	0	0	0	1	0	0	0	0	0	0	0	2
"457"	"X2"	81	1	1	0	0	0	0	0	1	2	0	0	0	1	0	0	0	1	0	0	1	0	0	1	1	1	0	1	0	0	0	2	1	1	1	0	0	1	2	0	0	0	0	0	0	0	0	2	1	0	0	1	1	0	0	0	0	0	0	0	1	1	0	2	0	2	0	2	0	1	1	0	0	1	1	0	1	1	0	0	0	0	2	0	0	1	0	1
"160"	"X2"	80	0	1	0	0	0	1	0	2	0	0	1	1	0	2	0	1	2	1	2	0	1	1	0	0	0	2	0	2	0	1	1	2	1	1	1	1	0	1	1	1	1	1	0	1	1	2	0	2	1	0	2	1	1	1	1	1	0	0	0	0	0	0	1	0	2	0	1	0	0	0	0	0	2	0	0	1	0	0	0	0	0	0	0	0	0	1	0
"696"	"X2"	90	1	1	1	1	0	0	0	1	0	0	1	0	0	1	0	0	1	2	1	0	0	0	0	0	0	1	1	1	1	0	1	2	1	0	0	0	1	1	1	1	0	0	1	0	0	0	1	0	0	1	0	2	0	0	1	1	0	1	0	0	2	0	0	0	2	0	0	0	0	0	1	0	1	0	1	0	1	0	0	0	0	2	1	1	1	0	2
"738"	"X2"	90	1	0	1	0	0	0	0	0	1	0	1	0	0	0	2	0	0	1	2	0	2	2	0	0	0	1	1	1	0	0	0	0	0	0	2	0	1	0	1	1	0	2	0	0	0	1	1	0	0	2	1	1	0	0	0	0	0	0	0	0	1	0	0	1	1	0	1	0	0	0	1	1	0	0	0	0	0	0	0	0	0	0	0	0	0	0	0
"692"	"X2"	90	0	0	0	0	0	1	0	1	0	0	2	2	0	1	0	0	1	0	2	0	0	0	1	1	0	1	0	1	0	0	2	1	0	0	1	0	0	1	1	1	0	0	1	0	0	1	1	0	1	0	1	1	0	1	2	1	0	0	0	0	1	0	0	0	0	1	0	0	0	0	0	0	1	0	2	0	1	0	1	0	0	2	1	1	0	0	1
"405"	"X2"	90	1	1	0	1	0	0	1	1	1	0	2	1	2	0	0	0	0	2	1	1	1	0	1	1	0	1	0	1	0	0	0	2	1	0	1	1	1	1	1	0	0	1	2	1	0	0	0	1	0	1	0	1	1	0	0	1	0	0	0	0	0	1	0	2	0	0	2	0	0	0	0	0	1	0	1	0	0	1	1	1	0	2	2	1	0	1	1
"121"	"X2"	90	0	1	1	0	0	1	0	0	0	0	1	1	0	0	0	0	0	0	0	1	0	0	1	0	0	1	0	0	0	0	1	0	1	0	1	0	1	0	1	0	0	0	0	1	0	1	2	1	1	1	2	0	0	1	0	0	1	0	0	0	0	0	0	0	1	0	0	0	0	0	1	0	0	0	0	0	0	0	1	0	0	1	0	0	0	0	1
"835"	"X2"	90	0	0	0	0	0	0	1	1	1	1	1	1	1	1	0	0	1	0	1	0	1	1	0	1	0	0	1	1	0	0	0	2	1	0	0	1	1	0	0	0	1	0	0	1	0	0	2	1	1	0	2	0	0	0	0	2	0	1	0	0	0	1	0	1	0	0	2	0	0	0	0	0	0	0	0	1	0	0	2	0	0	1	1	1	1	1	1
"1048"	"X2"	72	0	1	0	0	0	0	1	2	0	0	2	0	0	0	1	1	0	1	1	1	0	0	1	2	2	1	0	1	0	0	1	2	1	0	0	0	2	1	1	0	0	0	1	0	0	1	0	1	0	0	1	1	2	0	1	1	1	0	0	0	0	0	1	0	1	0	0	0	0	1	1	0	0	0	0	0	0	0	2	0	0	1	0	0	1	0	1
"394"	"X2"	80	0	1	0	0	0	2	0	2	0	0	2	0	0	1	0	0	0	2	0	1	1	0	1	1	0	0	1	1	0	0	1	0	1	0	1	1	0	1	0	1	0	2	0	0	0	1	1	0	0	2	1	1	1	2	0	1	1	0	0	1	0	0	1	0	0	0	0	0	0	1	0	0	0	0	0	0	0	0	1	0	0	0	0	1	1	1	1
"369"	"X2"	86	1	1	0	1	0	0	0	2	1	0	1	1	1	1	1	0	0	0	1	0	0	1	0	0	0	1	1	1	1	1	0	0	2	0	0	2	2	1	2	1	0	0	0	1	0	2	2	1	0	1	0	1	0	2	2	1	0	0	0	1	0	1	0	0	2	0	1	0	0	0	1	0	0	0	0	1	0	0	2	0	0	1	1	1	0	0	1
"1023"	"X2"	90	0	0	0	2	0	0	0	1	0	0	2	0	0	0	0	0	0	1	1	0	1	0	0	0	0	0	0	1	0	0	1	2	0	0	1	1	2	1	2	0	0	2	0	0	0	0	0	0	0	2	0	0	1	1	0	0	0	0	0	0	0	0	0	0	1	0	0	0	0	0	2	0	0	0	0	1	0	1	0	0	0	0	0	0	1	0	0
"455"	"X2"	84	0	0	2	0	0	0	1	1	1	1	0	0	0	0	0	0	1	0	0	1	0	0	1	0	0	0	0	0	0	0	1	2	1	1	0	0	0	1	1	0	1	1	0	2	0	1	1	1	0	1	1	1	1	2	1	0	1	0	0	0	1	0	1	1	1	0	1	0	1	1	0	0	0	0	1	1	0	0	1	2	1	0	1	0	0	1	0
"204"	"X2"	89	0	1	0	1	0	0	0	1	0	0	0	0	0	1	0	0	1	0	1	0	1	0	0	1	0	1	2	0	2	1	0	0	1	0	1	1	1	0	1	0	0	0	0	0	0	1	1	0	1	2	1	2	0	1	1	0	0	1	0	0	1	0	2	0	1	0	1	0	1	1	0	0	1	0	0	1	0	0	1	0	0	0	0	0	0	0	1
"830"	"X2"	90	0	1	1	1	0	0	0	1	1	0	1	1	0	0	0	1	1	1	1	1	0	0	1	1	0	1	0	0	0	0	0	0	1	1	1	1	1	1	1	1	0	1	1	1	0	2	1	0	0	0	1	1	1	2	2	1	0	0	0	0	1	0	0	0	1	1	1	0	0	1	1	0	0	0	1	0	0	0	2	0	0	1	0	0	0	0	1
"860"	"X2"	90	1	0	2	0	0	0	1	0	0	0	1	0	0	2	1	0	1	1	0	1	0	1	1	0	0	0	0	0	0	0	2	2	1	0	0	1	1	1	0	0	0	1	0	0	0	1	0	1	0	1	1	1	1	1	0	2	0	0	0	1	2	0	1	1	0	0	1	0	0	0	0	1	2	0	2	0	0	0	1	0	1	1	1	0	0	0	1
"384"	"X2"	90	1	1	0	2	0	0	0	1	1	1	2	0	1	0	0	1	1	0	2	0	1	1	0	0	0	1	0	0	0	0	2	2	1	0	1	1	1	2	0	0	0	1	1	0	0	1	1	0	1	1	2	1	0	1	1	1	0	1	0	0	0	0	0	1	1	0	2	0	1	0	0	0	1	0	1	0	0	1	1	0	0	1	2	0	2	0	1
"272"	"X2"	82	0	0	0	1	0	0	0	1	0	0	1	1	0	1	0	0	0	1	1	0	1	0	0	1	0	0	0	0	0	0	2	0	2	0	1	0	1	1	0	1	0	1	1	0	0	0	0	0	1	1	1	2	1	1	1	0	1	0	0	1	0	0	1	1	0	0	0	0	0	2	0	0	1	0	0	0	0	0	2	0	0	1	0	1	0	0	0
"177"	"X2"	90	0	0	0	0	0	0	0	0	1	0	2	0	0	0	0	1	2	0	1	1	0	0	1	1	0	0	0	0	0	0	2	0	1	1	1	0	0	1	0	0	0	1	1	0	1	0	0	1	0	0	2	0	2	0	1	0	0	0	0	1	0	0	1	0	0	1	0	0	0	0	0	1	0	0	2	0	0	0	2	1	1	0	1	2	1	1	1
"171"	"X2"	75	0	0	0	1	0	0	1	1	0	0	0	0	1	1	0	0	0	1	2	0	1	1	0	0	0	0	1	0	1	1	1	1	1	1	0	2	1	2	0	1	0	1	0	1	0	0	0	0	0	1	1	2	1	1	1	0	1	0	0	1	0	0	1	0	1	0	1	0	0	1	0	0	2	0	0	1	1	0	1	0	0	1	1	1	1	0	2
"561"	"X2"	78	1	1	0	1	0	0	1	1	0	1	0	0	0	1	0	0	1	0	2	0	1	1	0	2	0	0	0	0	0	0	0	1	2	0	0	0	0	0	1	1	0	1	1	0	0	1	0	1	0	1	0	2	1	1	1	1	0	1	0	1	2	1	0	0	1	0	1	0	1	1	0	0	1	0	1	0	0	0	2	0	0	0	2	1	1	1	1
"563"	"X2"	85	0	0	1	0	0	0	0	0	0	0	1	0	2	1	1	0	0	1	0	1	0	0	1	1	0	1	0	0	0	0	1	2	0	0	1	2	1	0	1	0	1	0	0	2	0	1	0	1	1	1	1	2	0	2	2	0	0	0	0	1	0	0	2	0	2	0	2	0	1	0	0	0	2	0	0	1	1	0	1	0	0	0	1	1	0	1	0
"53"	"X2"	89	1	1	1	0	1	2	0	1	0	0	1	0	1	0	0	1	1	0	1	1	0	0	1	1	1	0	0	0	0	0	1	1	0	1	2	0	1	1	1	1	0	2	1	0	1	1	1	0	1	0	1	1	1	2	1	1	0	1	1	0	2	1	1	0	1	0	1	1	0	0	0	1	1	0	0	1	0	0	1	0	0	0	1	1	0	0	0
"373"	"X2"	78	0	1	0	0	2	0	2	2	0	0	1	0	1	0	1	1	1	0	0	0	0	0	0	1	2	0	1	0	1	1	1	2	0	1	2	0	1	0	0	0	1	2	1	1	0	1	0	0	0	2	1	1	1	0	1	1	0	1	0	1	1	0	0	1	1	0	1	1	1	1	0	0	0	0	1	1	0	0	0	1	0	0	0	0	0	0	1
"855"	"X2"	90	1	0	2	0	1	1	0	1	0	0	1	1	0	0	1	0	2	0	1	2	1	0	1	0	0	0	0	0	0	0	0	2	1	1	0	0	1	0	0	1	0	0	0	0	0	1	2	0	0	0	1	2	1	1	1	1	0	1	0	0	2	0	0	0	1	1	1	2	0	0	0	0	1	0	1	0	0	0	2	0	0	1	0	1	1	0	0
"512"	"X2"	80	0	0	1	0	1	2	0	1	1	0	0	1	0	1	0	1	0	0	1	0	1	0	0	1	1	0	0	1	0	0	0	1	1	1	1	1	1	1	0	0	0	2	1	1	0	0	0	2	0	1	2	2	0	1	1	0	0	1	0	0	1	0	0	0	2	0	0	0	0	1	0	0	0	0	0	0	0	1	0	0	0	1	1	1	0	0	1
"522"	"X2"	84	0	1	1	1	0	1	0	1	0	0	1	1	0	1	0	0	1	0	2	0	0	1	0	1	1	0	0	1	0	0	0	0	0	0	1	1	2	1	0	1	0	1	0	2	0	0	1	0	0	1	1	1	0	1	1	0	0	0	0	0	1	0	1	0	1	0	1	1	0	1	0	0	0	0	1	1	1	0	0	1	0	1	0	1	1	0	0
"772"	"X2"	80	0	0	1	1	0	0	0	1	0	0	1	2	1	1	0	1	1	0	0	0	0	0	0	1	1	0	0	0	0	0	1	1	2	0	1	0	0	1	0	1	1	0	0	1	0	0	0	0	0	0	1	0	1	0	0	0	0	0	0	1	0	0	1	1	1	0	2	0	1	1	0	0	1	1	0	1	0	0	1	0	1	0	0	0	1	0	0
"1073"	"X2"	80	0	0	1	1	0	0	0	1	0	0	0	1	1	1	0	2	0	0	1	0	0	0	0	1	1	1	1	1	0	1	1	1	0	0	1	0	0	2	1	0	0	1	0	0	0	0	1	1	0	1	1	0	1	1	0	0	1	0	0	1	1	0	1	0	0	1	0	0	0	0	0	1	0	0	1	0	0	0	1	0	1	0	0	0	0	0	2
"900"	"X2"	81	0	0	1	0	0	0	0	1	1	0	1	0	0	0	1	0	1	0	0	0	1	1	1	1	1	0	0	0	0	0	1	1	0	0	0	1	0	1	0	1	0	0	0	1	1	0	0	1	1	1	2	1	1	0	2	0	0	0	0	0	1	0	1	1	1	0	0	0	1	0	1	0	1	0	1	0	0	0	1	2	1	0	1	1	0	0	0
"805"	"X2"	77	1	0	2	1	0	0	0	0	0	0	1	0	0	0	1	0	0	0	2	0	2	2	0	2	1	1	0	1	0	0	0	1	0	2	2	0	1	0	0	0	0	1	0	1	0	0	0	0	0	0	0	2	0	1	2	1	0	0	1	1	0	0	0	0	1	0	1	0	0	1	1	0	0	0	0	1	0	1	0	1	1	1	2	2	1	0	1
"1"	"X2"	76	1	1	0	1	0	0	0	1	0	0	2	0	1	2	1	1	1	2	2	0	2	1	0	0	0	0	0	1	0	0	1	0	0	0	0	2	2	2	2	0	1	1	1	2	0	0	0	1	0	0	1	0	1	1	2	0	0	0	1	1	0	0	1	0	2	0	1	0	1	1	0	1	0	1	1	0	1	0	2	1	0	1	0	1	1	0	0
"4"	"X2"	79	0	1	0	0	1	1	0	2	0	0	1	1	1	1	0	0	0	0	2	0	0	1	0	1	0	0	0	0	0	0	0	1	2	0	0	1	1	1	0	0	1	2	0	0	0	1	1	0	0	0	0	0	1	0	2	1	0	0	0	0	1	0	0	1	0	1	0	0	0	1	0	0	0	0	1	0	0	0	0	1	1	0	0	0	2	0	1
"72"	"X2"	90	1	0	0	1	0	0	1	0	0	0	2	1	0	0	0	1	0	0	2	0	0	1	0	2	1	0	0	0	0	0	1	1	1	1	2	1	0	1	0	1	0	0	0	0	0	1	0	1	0	1	1	2	0	2	1	0	0	0	0	0	2	0	2	0	0	0	0	0	0	1	0	0	1	0	0	0	0	0	1	0	0	1	0	0	0	0	1
"471"	"X2"	80	0	1	0	1	0	0	0	1	1	1	1	2	0	1	1	0	1	0	1	2	0	0	2	2	0	1	0	1	0	0	1	0	1	0	1	0	0	1	0	0	1	0	0	0	0	2	0	1	0	2	2	1	0	1	0	0	0	0	0	1	1	0	1	0	1	0	1	0	1	0	0	0	1	0	0	2	0	0	1	0	0	0	0	0	1	0	0
"581"	"X2"	90	0	1	0	0	0	0	0	0	1	1	1	0	1	1	0	1	0	2	0	0	1	0	0	1	0	2	0	2	0	0	1	2	1	1	0	0	1	1	1	0	0	1	0	0	0	1	0	1	0	0	0	1	0	1	2	1	0	0	0	0	1	1	0	1	0	0	0	0	0	1	0	0	1	0	0	0	1	0	0	0	0	1	1	2	1	0	0
"723"	"X2"	65	0	0	0	1	1	0	1	1	0	1	1	1	1	0	0	1	0	1	2	0	0	1	0	0	2	1	1	1	0	1	1	1	1	0	1	1	1	1	1	1	0	0	0	2	1	0	1	0	0	0	1	1	1	1	1	0	0	0	0	0	1	0	2	1	0	0	0	1	0	1	0	0	1	0	0	0	0	1	1	0	0	1	0	1	0	0	1
"127"	"X2"	79	0	1	0	0	0	0	0	0	0	0	2	0	0	0	0	0	1	2	0	0	0	0	0	1	1	0	0	0	0	0	2	0	2	0	0	1	1	0	1	0	1	0	0	0	0	0	0	0	1	0	0	0	1	1	1	1	0	0	1	0	1	0	0	1	0	0	0	1	0	1	0	0	1	0	1	0	1	0	0	0	0	1	1	1	1	0	1
"762"	"X2"	90	0	0	1	0	0	1	0	1	0	0	1	1	0	0	1	1	0	0	0	0	0	0	0	1	1	0	1	0	1	1	0	0	0	0	1	1	0	1	1	0	0	0	0	0	0	0	1	1	0	0	0	1	0	1	2	1	0	0	0	0	1	1	0	2	0	0	0	0	1	1	0	0	0	0	0	1	0	0	0	1	1	0	0	0	0	0	1
"964"	"X2"	80	1	1	1	0	0	0	0	1	1	0	1	1	1	1	0	0	0	0	0	0	0	0	0	1	1	0	1	0	1	0	1	1	0	0	0	2	0	2	0	1	1	1	1	1	0	1	1	0	0	2	0	1	0	0	0	0	1	0	0	1	0	0	1	0	2	0	1	0	0	0	1	0	1	1	0	0	0	0	2	0	0	0	0	1	1	0	2
"368"	"X2"	90	1	1	1	1	0	0	1	0	2	1	0	1	1	0	0	1	1	0	1	0	2	1	0	1	1	0	1	0	1	0	1	1	1	1	2	1	0	1	1	0	0	0	0	0	0	0	2	1	0	1	1	0	0	0	2	0	0	0	0	0	0	0	0	0	1	1	0	0	0	0	1	1	0	1	1	0	0	1	1	0	0	0	2	2	0	0	1
"620"	"X2"	90	1	2	0	0	0	0	0	0	1	0	0	0	1	1	0	0	0	2	0	0	0	0	0	1	2	0	0	0	0	0	0	1	0	1	1	2	0	0	1	1	1	0	0	0	0	0	0	1	0	0	1	2	0	2	1	0	0	0	0	0	0	1	0	0	0	0	1	0	0	0	1	0	0	0	0	0	0	0	2	1	1	0	1	1	2	1	1
"923"	"X2"	90	1	1	1	0	0	0	1	1	0	0	2	1	0	0	0	0	1	1	1	0	0	1	0	0	0	2	0	1	0	0	1	0	1	0	0	1	1	2	1	1	1	1	0	2	0	1	0	2	0	1	0	0	0	1	2	1	0	1	0	0	1	1	0	0	1	0	2	1	0	0	0	0	0	0	0	1	0	0	1	1	1	1	0	0	2	0	1
"77"	"X2"	81	1	0	1	0	0	0	0	0	1	0	0	0	1	2	1	0	1	0	1	1	0	0	1	0	0	2	0	2	0	0	2	1	0	0	1	1	1	1	1	0	1	0	1	1	0	0	0	0	0	2	1	0	1	1	1	0	0	0	0	0	1	0	1	0	0	1	1	0	0	0	0	1	0	0	1	0	0	0	2	0	0	0	0	0	0	0	2
"47"	"X2"	83	1	0	0	0	0	1	0	1	0	0	1	0	1	2	1	0	0	2	0	0	0	0	0	1	0	0	0	0	0	0	1	1	0	1	2	1	1	2	1	1	0	2	0	1	0	0	1	1	0	2	1	1	0	1	0	1	0	0	0	2	1	0	1	0	1	0	0	0	0	1	0	0	0	0	0	2	0	0	1	1	1	1	0	0	1	0	2
"816"	"X2"	83	0	0	1	0	0	0	0	2	0	0	1	2	0	1	0	1	0	1	0	2	1	0	0	1	1	1	0	1	0	0	0	2	0	0	1	0	0	1	0	1	0	0	0	0	0	1	0	0	0	2	1	0	0	1	2	0	0	0	0	0	0	0	1	1	0	0	1	0	0	1	0	0	1	0	2	0	0	0	1	1	1	0	1	1	0	0	0
"883"	"X2"	90	1	1	0	0	0	0	0	0	0	0	2	0	1	0	1	0	1	2	0	1	0	0	1	1	1	0	0	0	0	0	2	1	0	1	2	1	2	0	2	1	0	2	1	1	0	1	1	1	0	1	1	0	0	1	2	2	0	1	1	0	1	0	0	0	2	0	1	1	0	0	0	0	1	0	1	0	0	0	0	0	0	1	1	1	0	0	0
"344"	"X2"	84	1	0	2	2	0	1	0	0	0	0	0	1	0	1	0	1	1	0	1	0	0	1	0	1	1	2	0	2	0	0	2	2	1	0	1	0	0	0	0	1	0	0	0	0	0	1	0	1	0	1	1	0	0	0	1	0	0	1	0	0	0	0	1	0	0	1	0	0	0	1	1	0	0	0	0	0	0	0	1	0	1	0	0	0	1	0	0
"552"	"X2"	90	1	1	0	0	1	0	0	0	0	0	1	1	0	0	0	1	1	0	2	0	0	0	0	0	0	1	1	1	1	1	0	1	1	0	1	2	2	1	2	1	1	0	1	0	0	0	1	2	0	1	1	1	0	0	0	1	0	1	0	0	2	1	1	0	0	0	0	0	1	0	0	1	1	0	0	1	1	0	2	0	0	1	0	1	1	0	1
"839"	"X2"	86	0	0	0	0	0	0	2	1	0	0	2	0	1	1	1	0	0	0	1	0	0	0	0	0	0	2	0	2	0	0	1	0	1	0	0	1	1	0	1	0	0	2	1	1	0	1	0	2	0	2	0	1	0	0	2	1	1	0	0	0	1	0	0	0	0	1	0	0	0	0	0	0	1	0	1	0	0	0	2	0	0	1	0	1	0	0	1
"934"	"X2"	90	1	0	0	0	1	2	0	2	1	0	1	1	1	0	0	0	0	2	1	0	1	1	0	1	1	0	1	0	1	0	0	2	1	0	1	1	2	1	0	2	0	1	0	1	1	0	0	1	1	1	1	2	0	1	1	0	1	0	0	2	0	0	1	0	1	0	0	0	0	1	1	0	0	0	0	0	0	0	0	0	0	0	0	0	0	1	0
"296"	"X2"	90	1	0	1	1	0	0	0	0	0	0	2	1	1	0	1	0	1	0	1	1	1	1	0	1	0	0	0	1	0	0	1	0	1	0	0	1	1	1	0	1	0	1	0	0	1	0	0	1	1	0	2	0	1	1	0	0	1	0	0	1	0	1	0	1	1	0	2	0	1	0	0	0	1	0	0	0	0	0	2	0	0	2	0	0	0	0	0
"863"	"X2"	80	1	2	0	1	0	0	0	2	0	0	2	0	1	0	0	1	1	1	1	1	0	0	1	1	0	0	0	0	0	0	2	1	2	1	0	1	1	0	0	1	0	0	0	0	0	1	0	2	0	2	1	0	1	2	0	0	0	0	0	1	1	0	1	0	0	1	1	0	0	1	0	1	0	1	0	0	0	0	1	1	0	2	1	0	0	0	0
"657"	"X2"	88	0	0	0	0	1	1	0	1	0	0	1	1	1	0	0	0	1	1	1	0	1	1	0	1	0	0	1	0	1	1	0	0	1	1	1	1	1	0	1	1	0	1	0	2	0	2	1	1	0	1	0	1	0	2	2	1	0	0	1	0	0	1	1	0	0	0	1	0	0	0	0	0	1	0	0	1	0	0	2	0	0	0	2	2	1	0	1
"1027"	"X2"	84	0	0	0	1	0	0	1	1	1	0	1	0	0	1	1	1	1	1	0	0	1	0	0	1	0	1	1	1	1	0	1	1	0	0	1	0	0	1	1	1	0	0	1	2	0	0	1	0	0	0	1	1	0	1	1	1	0	0	0	0	0	0	0	1	0	0	0	0	0	0	0	1	1	1	0	0	0	1	1	1	0	0	0	0	2	0	0
"191"	"X2"	89	0	0	1	0	0	0	0	0	0	0	0	1	1	0	1	0	1	1	0	1	0	0	1	0	0	0	1	0	1	0	1	1	0	0	0	2	1	0	1	2	0	0	0	0	0	0	0	0	0	0	0	2	0	1	1	1	0	0	0	0	1	0	1	0	1	0	0	0	0	1	1	0	1	0	2	0	1	0	2	0	0	2	1	1	0	1	0
"648"	"X2"	82	0	0	1	0	0	1	1	2	0	0	2	0	0	1	0	0	0	0	0	0	2	0	0	0	1	0	1	1	1	1	1	0	1	1	1	1	1	1	0	0	0	0	1	0	0	1	1	1	0	0	0	1	1	1	0	0	1	1	0	2	0	1	1	1	0	0	1	0	0	1	0	0	1	0	0	0	0	0	1	0	0	1	1	1	0	2	1
"138"	"X2"	64	1	1	0	2	0	0	1	2	0	0	1	0	1	0	1	0	1	0	2	0	0	2	0	1	0	0	1	0	0	0	1	1	0	0	1	1	1	1	0	1	0	1	1	0	0	1	1	0	0	1	0	1	1	0	2	0	1	0	0	1	1	0	1	1	0	0	0	0	0	0	0	0	0	0	0	0	0	0	0	0	0	0	1	0	0	2	0
"703"	"X2"	74	1	0	1	0	0	0	0	1	0	0	2	1	0	1	0	0	1	0	1	0	0	0	0	0	0	0	1	0	1	1	1	2	1	0	1	1	0	0	0	0	0	0	0	1	0	0	0	1	1	2	2	2	1	1	0	0	0	0	0	0	0	0	0	0	1	0	1	0	1	2	0	0	0	1	0	0	1	1	0	1	0	2	2	0	1	0	2
"854"	"X2"	90	1	2	0	1	0	1	1	0	0	0	0	1	0	1	1	0	2	1	0	1	0	0	1	1	1	0	0	1	0	0	1	2	1	0	1	1	0	0	1	1	0	1	2	0	0	1	0	1	0	1	1	2	2	0	1	0	0	0	0	0	1	0	1	0	1	0	1	1	0	1	0	0	0	0	0	0	1	0	0	1	0	1	1	1	0	0	0
"799"	"X2"	83	1	1	0	0	0	0	0	0	1	0	1	1	0	1	0	0	0	0	1	0	0	0	0	0	0	0	1	0	1	0	1	1	2	0	1	1	2	1	1	1	0	1	0	0	0	2	0	0	1	2	1	0	1	0	0	0	1	0	0	2	0	0	1	0	1	0	1	1	0	1	0	0	0	0	1	1	0	0	1	0	0	1	1	1	1	0	0
"418"	"X2"	83	1	0	0	0	0	0	0	1	0	0	0	1	0	1	0	0	2	1	1	1	0	0	0	0	0	1	0	1	0	0	0	0	0	0	0	0	1	0	0	0	0	1	0	0	0	0	1	1	0	1	2	1	0	1	2	0	0	0	0	0	1	0	1	0	0	1	0	0	0	1	0	1	0	0	1	0	0	0	2	0	0	1	2	1	1	0	0
"360"	"X2"	81	1	2	0	0	0	0	0	1	0	0	1	1	0	1	0	1	1	1	1	1	1	1	0	1	1	0	0	0	0	0	2	0	1	1	2	0	1	2	2	1	0	1	0	1	0	0	0	1	0	1	1	1	0	1	0	0	1	0	0	0	1	0	1	0	1	0	1	0	1	0	0	1	0	0	0	1	0	0	2	0	0	1	1	2	1	0	0
"434"	"X2"	77	0	1	0	1	0	1	0	0	0	0	2	1	0	1	1	0	1	0	0	1	0	0	1	0	0	0	0	1	0	0	1	0	1	0	1	2	0	2	1	1	0	0	1	0	0	1	0	2	1	1	0	1	0	2	2	0	0	0	0	1	1	0	2	0	0	0	0	0	0	0	0	1	0	0	0	1	0	1	0	0	0	0	0	0	0	1	0
"232"	"X2"	85	0	0	1	0	0	0	0	1	0	0	0	1	0	0	1	0	0	0	1	0	0	1	0	1	1	0	0	0	0	0	1	0	0	0	0	1	1	2	1	0	1	1	0	0	0	0	0	2	0	1	0	0	0	0	0	0	0	0	0	0	1	0	0	0	0	1	0	0	0	1	0	0	1	1	0	0	1	0	1	0	0	2	1	1	0	0	0
"797"	"X2"	68	1	0	0	2	1	0	1	1	1	0	2	1	1	1	0	0	2	0	0	0	0	0	0	0	0	1	0	1	0	0	2	2	0	1	1	0	0	1	1	1	0	1	1	0	0	0	1	0	0	1	0	1	1	2	1	0	0	0	0	0	1	0	0	0	2	0	1	1	0	0	1	0	0	0	0	2	0	1	1	2	1	0	1	0	0	0	0
